402,4,1,5,1,4,310,14,2,1,0,1.4023
402,4,1,5,2,5,330,16,2,2,1,1.0715
402,4,1,5,3,9,300,16,2,2,1,0.64208
402,4,1,5,4,8,300,14,2,2,1,1.4428
402,4,1,5,5,3,310,10,1,1,1,0.66431
402,4,1,5,6,2,330,14,1,1,1,0.8758
402,4,1,5,7,1,330,10,1,1,1,0.54956
402,4,1,5,8,7,300,10,2,2,1,0.96311
402,4,1,5,9,6,310,16,2,2,1,0.48038
402,4,1,5,10,9,300,16,2,2,1,0.56433
402,4,1,5,11,8,300,14,2,2,1,0.58329
402,4,1,5,12,4,310,14,2,1,0,0.55375
402,4,1,5,13,5,330,16,2,2,1,0.95878
402,4,1,5,14,1,330,10,1,1,1,1.6271
402,4,1,5,15,3,310,10,1,1,1,1.0257
402,4,1,5,16,6,310,16,2,2,1,0.74304
402,4,1,5,17,6,310,16,2,2,1,0.68402
402,4,1,5,18,3,310,10,1,1,1,0.90767
402,4,1,5,19,7,300,10,2,2,1,0.57468
402,4,1,5,20,4,310,14,2,1,0,0.99052
402,4,1,5,21,1,330,10,1,1,1,0.49131
402,4,1,5,22,7,300,10,2,2,1,0.58793
402,4,1,5,23,5,330,16,2,2,1,0.73223
402,4,1,5,24,2,330,14,1,1,1,0.64468
402,4,1,5,25,7,300,10,2,2,1,0.71485
402,4,1,5,26,5,330,16,2,2,1,0.60801
402,4,1,5,27,6,310,16,2,2,1,0.96783
402,4,1,5,28,3,310,10,1,1,1,0.86993
402,4,1,5,29,8,300,14,2,2,1,0.7065
402,4,1,5,30,8,300,14,2,2,1,1.5013
402,4,1,5,31,8,300,14,2,2,1,0.92122
402,4,1,5,32,1,330,10,1,1,1,0.54163
402,4,1,5,33,1,330,10,1,1,1,1.282
402,4,1,5,34,9,300,16,2,2,1,1.0052
402,4,1,5,35,7,300,10,2,2,1,0.87731
402,4,1,5,36,9,300,16,2,2,1,0.44336
402,4,1,5,37,2,330,14,1,1,1,0.98931
402,4,1,5,38,2,330,14,1,1,1,0.87333
402,4,1,5,39,7,300,10,2,2,1,0.96705
402,4,1,5,40,4,310,14,2,1,0,0.64207
402,4,1,5,41,2,330,14,1,1,1,1.1068
402,4,1,5,42,5,330,16,2,2,1,0.70935
402,4,1,5,43,4,310,14,1,1,1,1.6297
402,4,1,5,44,6,310,16,2,2,1,0.64458
402,4,1,5,45,1,330,10,1,1,1,0.49423
402,4,1,5,46,2,330,14,1,1,1,0.64099
402,4,1,5,47,3,310,10,1,1,1,0.67895
402,4,1,5,48,3,310,10,1,1,1,0.70649
402,4,1,5,49,9,300,16,2,2,1,0.50623
402,4,1,5,50,6,310,16,2,2,1,0.75089
402,4,1,5,51,5,330,16,2,2,1,0.76024
402,4,1,5,52,4,310,14,1,1,1,0.68405
402,4,1,5,53,8,300,14,2,2,1,0.56062
402,4,1,5,54,9,300,16,2,2,1,0.62414
402,4,1,5,1,3,310,10,1,1,1,1.1027
402,4,1,5,2,5,330,16,2,2,1,0.63781
402,4,1,5,3,7,300,10,2,2,1,0.54565
402,4,1,5,4,4,310,14,1,1,1,0.92849
402,4,1,5,5,9,300,16,2,2,1,0.69891
402,4,1,5,6,3,310,10,1,1,1,0.74286
402,4,1,5,7,6,310,16,2,2,1,0.82361
402,4,1,5,8,9,300,16,2,2,1,1.0431
402,4,1,5,9,4,310,14,2,1,0,0.75592
402,4,1,5,10,8,300,14,2,2,1,1.1035
402,4,1,5,11,6,310,16,2,2,1,1.3048
402,4,1,5,12,3,310,10,1,1,1,0.81233
402,4,1,5,13,1,330,10,1,1,1,0.76652
402,4,1,5,14,2,330,14,1,1,1,1.4558
402,4,1,5,15,2,330,14,1,1,1,0.73004
402,4,1,5,16,7,300,10,2,2,1,0.63378
402,4,1,5,17,1,330,10,1,1,1,0.89195
402,4,1,5,18,1,330,10,1,1,1,1.6113
402,4,1,5,19,8,300,14,2,2,1,0.89489
402,4,1,5,20,2,330,14,1,1,1,0.82538
402,4,1,5,21,4,310,14,1,1,1,1.3943
402,4,1,5,22,7,300,10,2,2,1,0.79726
402,4,1,5,23,3,310,10,1,1,1,1.5125
402,4,1,5,24,5,330,16,2,2,1,0.9947
402,4,1,5,25,9,300,16,2,2,1,0.67991
402,4,1,5,26,9,300,16,2,2,1,0.7733
402,4,1,5,27,1,330,10,1,1,1,0.632
402,4,1,5,28,8,300,14,2,2,1,0.99494
402,4,1,5,29,2,330,14,1,1,1,1.1271
402,4,1,5,30,5,330,16,2,2,1,0.71548
402,4,1,5,31,9,300,16,2,2,1,0.90316
402,4,1,5,32,2,330,14,2,1,0,0.72114
402,4,1,5,33,6,310,16,2,2,1,0.62359
402,4,1,5,34,4,310,14,1,1,1,1.0598
402,4,1,5,35,6,310,16,2,2,1,0.85583
402,4,1,5,36,7,300,10,2,2,1,1.0146
402,4,1,5,37,3,310,10,1,1,1,0.58894
402,4,1,5,38,8,300,14,2,2,1,0.62364
402,4,1,5,39,5,330,16,2,2,1,1.0649
402,4,1,5,40,7,300,10,2,2,1,0.54942
402,4,1,5,41,6,310,16,2,2,1,0.66527
402,4,1,5,42,4,310,14,1,1,1,0.71607
402,4,1,5,43,8,300,14,2,2,1,0.51487
402,4,1,5,44,1,330,10,1,1,1,1.0773
402,4,1,5,45,5,330,16,2,2,1,0.6923
402,4,1,5,1,9,300,16,2,2,1,0.54543
402,4,1,5,2,2,330,14,1,1,1,0.83524
402,4,1,5,3,5,330,16,2,2,1,1.0815
402,4,1,5,4,8,300,14,2,2,1,0.61119
402,4,1,5,5,4,310,14,1,1,1,0.90983
402,4,1,5,6,2,330,14,1,1,1,0.72857
402,4,1,5,7,1,330,10,1,1,1,0.68603
402,4,1,5,8,5,330,16,2,2,1,0.61574
402,4,1,5,9,6,310,16,2,2,1,0.50007
402,4,1,5,10,1,330,10,1,1,1,0.60262
402,4,1,5,11,4,310,14,2,1,0,0.61261
402,4,1,5,12,4,310,14,1,1,1,1.6612
402,4,1,5,13,5,330,16,2,2,1,1.2122
402,4,1,5,14,1,330,10,1,1,1,1.2473
402,4,1,5,15,8,300,14,2,2,1,0.57203
402,4,1,5,16,6,310,16,2,2,1,0.72022
402,4,1,5,17,6,310,16,2,2,1,0.73378
402,4,1,5,18,7,300,10,2,2,1,0.5883
402,4,1,5,19,9,300,16,2,2,1,0.89484
402,4,1,5,20,4,310,14,1,1,1,1.1934
402,4,1,5,21,9,300,16,2,2,1,0.51083
402,4,1,5,22,3,310,10,1,1,1,0.7028
402,4,1,5,23,2,330,14,1,1,1,0.65206
402,4,1,5,24,9,300,16,2,2,1,0.66892
402,4,1,5,25,9,300,16,2,2,1,0.56594
402,4,1,5,26,7,300,10,1,2,0,1.6282
402,4,1,5,27,8,300,14,2,2,1,1.5523
402,4,1,5,28,2,330,14,1,1,1,1.3703
402,4,1,5,29,1,330,10,1,1,1,0.7128
402,4,1,5,30,3,310,10,1,1,1,1.0905
402,4,1,5,31,3,310,10,1,1,1,0.68239
402,4,1,5,32,8,300,14,2,2,1,0.58667
402,4,1,5,33,3,310,10,1,1,1,0.568
402,4,1,5,34,7,300,10,1,2,0,0.65936
402,4,1,5,35,4,310,14,1,1,1,1.4379
402,4,1,5,36,6,310,16,2,2,1,0.71132
402,4,1,5,37,5,330,16,2,2,1,0.63732
402,4,1,5,38,8,300,14,2,2,1,0.56973
402,4,1,5,39,7,300,10,1,2,0,1.2153
402,4,1,5,40,7,300,10,2,2,1,0.68755
402,4,1,5,41,2,330,14,1,1,1,1.0834
402,4,1,5,42,1,330,10,1,1,1,0.70745
402,4,1,5,43,6,310,16,2,2,1,0.66286
402,4,1,5,44,5,330,16,2,2,1,0.72552
402,4,1,5,45,3,310,10,1,1,1,1.1979
402,4,1,5,1,6,310,16,2,2,1,0.60727
402,4,1,5,2,9,300,16,2,2,1,0.58446
402,4,1,5,3,5,330,16,2,2,1,0.62052
402,4,1,5,4,9,300,16,2,2,1,0.62222
402,4,1,5,5,9,300,16,2,2,1,0.53972
402,4,1,5,6,6,310,16,2,2,1,1.0455
402,4,1,5,7,8,300,14,2,2,1,1.0353
402,4,1,5,8,6,310,16,2,2,1,0.91414
402,4,1,5,9,7,300,10,2,2,1,1.0004
402,4,1,5,10,4,310,14,1,1,1,1.0023
402,4,1,5,11,3,310,10,1,1,1,1.0041
402,4,1,5,12,2,330,14,2,1,0,1.672
402,4,1,5,13,2,330,14,2,1,0,1.4589
402,4,1,5,14,3,310,10,1,1,1,0.80125
402,4,1,5,15,9,300,16,2,2,1,0.61962
402,4,1,5,16,8,300,14,2,2,1,1.2172
402,4,1,5,17,4,310,14,1,1,1,1.5864
402,4,1,5,18,4,310,14,1,1,1,0.97249
402,4,1,5,19,5,330,16,2,2,1,0.70866
402,4,1,5,20,6,310,16,2,2,1,0.86406
402,4,1,5,21,1,330,10,1,1,1,0.63957
402,4,1,5,22,5,330,16,2,2,1,0.74709
402,4,1,5,23,6,310,16,2,2,1,0.7968
402,4,1,5,24,3,310,10,1,1,1,0.85675
402,4,1,5,25,7,300,10,2,2,1,0.92397
402,4,1,5,26,3,310,10,1,1,1,0.70458
402,4,1,5,27,5,330,16,2,2,1,0.74081
402,4,1,5,28,7,300,10,2,2,1,0.63982
402,4,1,5,29,2,330,14,2,1,0,1.2361
402,4,1,5,30,9,300,16,2,2,1,0.69611
402,4,1,5,31,8,300,14,2,2,1,0.67092
402,4,1,5,32,4,310,14,1,1,1,1.1554
402,4,1,5,33,1,330,10,1,1,1,0.73129
402,4,1,5,34,2,330,14,1,1,1,1.0284
402,4,1,5,35,5,330,16,2,2,1,1.1849
402,4,1,5,36,3,310,10,1,1,1,0.75471
402,4,1,5,37,1,330,10,1,1,1,0.46936
402,4,1,5,38,1,330,10,1,1,1,0.57329
402,4,1,5,39,8,300,14,2,2,1,0.55119
402,4,1,5,40,8,300,14,2,2,1,0.49702
402,4,1,5,41,2,330,14,1,1,1,0.81978
402,4,1,5,42,7,300,10,2,2,1,1.1599
402,4,1,5,43,1,330,10,1,1,1,0.54966
402,4,1,5,44,7,300,10,2,2,1,1.2414
402,4,1,5,45,4,310,14,2,1,0,1.1978
402,4,1,5,1,5,330,16,2,2,1,0.96766
402,4,1,5,2,4,310,14,2,1,0,0.49409
402,4,1,5,3,1,330,10,1,1,1,0.6064
402,4,1,5,4,6,310,16,2,2,1,1.6251
402,4,1,5,5,3,310,10,1,1,1,1.3504
402,4,1,5,6,9,300,16,2,2,1,0.99443
402,4,1,5,7,3,310,10,1,1,1,0.80778
402,4,1,5,8,5,330,16,2,2,1,0.80912
402,4,1,5,9,8,300,14,1,2,0,1.3389
402,4,1,5,10,1,330,10,1,1,1,0.91387
402,4,1,5,11,7,300,10,2,2,1,1.3827
402,4,1,5,12,3,310,10,1,1,1,1.1746
402,4,1,5,13,6,310,16,2,2,1,1.1607
402,4,1,5,14,2,330,14,1,1,1,1.1287
402,4,1,5,15,1,330,10,1,1,1,1.0211
402,4,1,5,16,7,300,10,2,2,1,0.84945
402,4,1,5,17,4,310,14,2,1,0,1.5663
402,4,1,5,18,7,300,10,2,2,1,0.67268
402,4,1,5,19,8,300,14,2,2,1,0.73852
402,4,1,5,20,8,300,14,2,2,1,0.99848
402,4,1,5,21,7,300,10,2,2,1,0.76998
402,4,1,5,22,2,330,14,1,1,1,1.2368
402,4,1,5,23,5,330,16,2,2,1,1.2145
402,4,1,5,24,9,300,16,2,2,1,0.65821
402,4,1,5,25,6,310,16,2,2,1,0.92874
402,4,1,5,26,5,330,16,2,2,1,1.1435
402,4,1,5,27,8,300,14,2,2,1,0.74188
402,4,1,5,28,4,310,14,2,1,0,1.4808
402,4,1,5,29,9,300,16,2,2,1,0.8941
402,4,1,5,30,7,300,10,2,2,1,0.66885
402,4,1,5,31,2,330,14,1,1,1,1.1922
402,4,1,5,32,6,310,16,2,2,1,0.87971
402,4,1,5,33,1,330,10,1,1,1,0.68914
402,4,1,5,34,2,330,14,1,1,1,0.81776
402,4,1,5,35,5,330,16,2,2,1,0.90391
402,4,1,5,36,4,310,14,1,1,1,1.2233
402,4,1,5,37,9,300,16,2,2,1,0.93433
402,4,1,5,38,4,310,14,1,1,1,1.1328
402,4,1,5,39,6,310,16,1,2,0,2.0146
402,4,1,5,40,2,330,14,1,1,1,0.94813
402,4,1,5,41,8,300,14,2,2,1,0.66944
402,4,1,5,42,3,310,10,1,1,1,0.73279
402,4,1,5,43,1,330,10,1,1,1,0.59098
402,4,1,5,44,3,310,10,1,1,1,0.65523
402,4,1,5,45,9,300,16,2,2,1,0.77344
402,4,1,5,1,5,330,16,2,2,1,1.0509
402,4,1,5,2,9,300,16,2,2,1,0.48175
402,4,1,5,3,6,310,16,2,2,1,0.61541
402,4,1,5,4,6,310,16,2,2,1,0.76439
402,4,1,5,5,5,330,16,2,2,1,0.63259
402,4,1,5,6,9,300,16,2,2,1,0.61916
402,4,1,5,7,2,330,14,1,1,1,0.98896
402,4,1,5,8,4,310,14,1,1,1,1.3384
402,4,1,5,9,8,300,14,2,2,1,0.54869
402,4,1,5,10,9,300,16,2,2,1,0.44311
402,4,1,5,11,3,310,10,1,1,1,0.59262
402,4,1,5,12,7,300,10,2,2,1,0.73202
402,4,1,5,13,1,330,10,1,1,1,0.5501
402,4,1,5,14,9,300,16,2,2,1,1.1267
402,4,1,5,15,1,330,10,1,1,1,0.53774
402,4,1,5,16,4,310,14,1,1,1,0.80635
402,4,1,5,17,3,310,10,1,1,1,0.61226
402,4,1,5,18,2,330,14,1,1,1,0.44463
402,4,1,5,19,3,310,10,1,1,1,0.71869
402,4,1,5,20,5,330,16,2,2,1,0.77865
402,4,1,5,21,7,300,10,2,2,1,0.84209
402,4,1,5,22,7,300,10,2,2,1,0.60115
402,4,1,5,23,5,330,16,2,2,1,0.81037
402,4,1,5,24,2,330,14,1,1,1,0.93073
402,4,1,5,25,4,310,14,1,1,1,1.1219
402,4,1,5,26,8,300,14,2,2,1,0.60577
402,4,1,5,27,7,300,10,2,2,1,0.59749
402,4,1,5,28,6,310,16,1,2,0,1.2824
402,4,1,5,29,6,310,16,1,2,0,1.9146
402,4,1,5,30,7,300,10,2,2,1,0.76936
402,4,1,5,31,4,310,14,1,1,1,0.90903
402,4,1,5,32,1,330,10,1,1,1,0.55422
402,4,1,5,33,8,300,14,2,2,1,0.62807
402,4,1,5,34,2,330,14,1,1,1,0.75157
402,4,1,5,35,1,330,10,1,1,1,0.62967
402,4,1,5,36,1,330,10,1,1,1,0.58865
402,4,1,5,37,3,310,10,1,1,1,1.1722
402,4,1,5,38,5,330,16,2,2,1,0.69249
402,4,1,5,39,8,300,14,2,2,1,0.91227
402,4,1,5,40,6,310,16,2,2,1,0.66493
402,4,1,5,41,8,300,14,2,2,1,0.76271
402,4,1,5,42,2,330,14,1,1,1,0.90538
402,4,1,5,43,4,310,14,2,1,0,0.82162
402,4,1,5,44,9,300,16,2,2,1,0.64088
402,4,1,5,45,3,310,10,1,1,1,0.50456
402,4,1,5,1,6,310,16,2,2,1,0.65287
402,4,1,5,2,7,300,10,2,2,1,1.0896
402,4,1,5,3,9,300,16,2,2,1,0.58934
402,4,1,5,4,4,310,14,1,1,1,1.1429
402,4,1,5,5,5,330,16,2,2,1,0.83913
402,4,1,5,6,2,330,14,1,1,1,1.2174
402,4,1,5,7,5,330,16,2,2,1,1.0509
402,4,1,5,8,1,330,10,1,1,1,1.2873
402,4,1,5,9,1,330,10,1,1,1,0.6501
402,4,1,5,10,9,300,16,2,2,1,0.83499
402,4,1,5,11,1,330,10,1,1,1,0.91564
402,4,1,5,12,5,330,16,2,2,1,0.78586
402,4,1,5,13,2,330,14,1,1,1,0.78757
402,4,1,5,14,6,310,16,2,2,1,1.01
402,4,1,5,15,2,330,14,1,1,1,0.61278
402,4,1,5,16,7,300,10,2,2,1,0.70996
402,4,1,5,17,2,330,14,1,1,1,1.0601
402,4,1,5,18,8,300,14,2,2,1,0.84821
402,4,1,5,19,6,310,16,2,2,1,0.95207
402,4,1,5,20,3,310,10,1,1,1,0.70033
402,4,1,5,21,7,300,10,2,2,1,0.81778
402,4,1,5,22,8,300,14,2,2,1,1.4528
402,4,1,5,23,1,330,10,1,1,1,0.56587
402,4,1,5,24,4,310,14,1,1,1,1.0907
402,4,1,5,25,6,310,16,2,2,1,1.3582
402,4,1,5,26,5,330,16,2,2,1,1.0875
402,4,1,5,27,3,310,10,1,1,1,1.2698
402,4,1,5,28,4,310,14,2,1,0,1.2483
402,4,1,5,29,9,300,16,2,2,1,0.88039
402,4,1,5,30,8,300,14,2,2,1,1.0361
402,4,1,5,31,8,300,14,2,2,1,1.6902
402,4,1,5,32,7,300,10,2,2,1,1.0765
402,4,1,5,33,6,310,16,2,2,1,0.78968
402,4,1,5,34,2,330,14,1,1,1,1.7034
402,4,1,5,35,4,310,14,1,1,1,0.69916
402,4,1,5,36,3,310,10,1,1,1,0.64754
402,4,1,5,37,9,300,16,2,2,1,0.59524
402,4,1,5,38,1,330,10,1,1,1,0.72426
402,4,1,5,39,9,300,16,2,2,1,0.53257
402,4,1,5,40,3,310,10,1,1,1,0.62778
402,4,1,5,41,8,300,14,2,2,1,0.56421
402,4,1,5,42,5,330,16,2,2,1,0.70077
402,4,1,5,43,3,310,10,1,1,1,1.0039
402,4,1,5,44,7,300,10,2,2,1,1.4403
402,4,1,5,45,4,310,14,1,1,1,1.1576
402,4,1,5,1,9,300,16,2,2,1,1.6627
402,4,1,5,2,5,330,16,2,2,1,0.58247
402,4,1,5,3,2,330,14,1,1,1,1.0808
402,4,1,5,4,3,310,10,1,1,1,0.7209
402,4,1,5,5,3,310,10,1,1,1,0.69136
402,4,1,5,6,6,310,16,2,2,1,0.55012
402,4,1,5,7,5,330,16,2,2,1,0.97825
402,4,1,5,8,8,300,14,2,2,1,0.46067
402,4,1,5,9,7,300,10,2,2,1,0.76171
402,4,1,5,10,1,330,10,1,1,1,0.87182
402,4,1,5,11,2,330,14,1,1,1,1.0616
402,4,1,5,12,7,300,10,2,2,1,0.52677
402,4,1,5,13,8,300,14,2,2,1,0.43181
402,4,1,5,14,2,330,14,1,1,1,1.1554
402,4,1,5,15,4,310,14,1,1,1,1.1057
402,4,1,5,16,9,300,16,2,2,1,0.57277
402,4,1,5,17,1,330,10,1,1,1,0.8755
402,4,1,5,18,4,310,14,2,1,0,1.2174
402,4,1,5,19,1,330,10,1,1,1,1.0219
402,4,1,5,20,8,300,14,2,2,1,0.8639
402,4,1,5,21,9,300,16,2,2,1,0.80381
402,4,1,5,22,5,330,16,2,2,1,0.65038
402,4,1,5,23,5,330,16,1,2,0,1.5067
402,4,1,5,24,4,310,14,1,1,1,1.0717
402,4,1,5,25,9,300,16,2,2,1,1.0341
402,4,1,5,26,1,330,10,1,1,1,1.0201
402,4,1,5,27,3,310,10,1,1,1,0.81682
402,4,1,5,28,1,330,10,1,1,1,0.71352
402,4,1,5,29,6,310,16,2,2,1,1.0774
402,4,1,5,30,2,330,14,1,1,1,1.0009
402,4,1,5,31,7,300,10,2,2,1,1.0247
402,4,1,5,32,6,310,16,2,2,1,0.59297
402,4,1,5,33,3,310,10,1,1,1,0.72506
402,4,1,5,34,3,310,10,1,1,1,1.0226
402,4,1,5,35,6,310,16,2,2,1,0.64932
402,4,1,5,36,4,310,14,2,1,0,1.3777
402,4,1,5,37,2,330,14,1,1,1,1.185
402,4,1,5,38,7,300,10,2,2,1,0.75986
402,4,1,5,39,9,300,16,2,2,1,0.61245
402,4,1,5,40,8,300,14,2,2,1,0.91444
402,4,1,5,41,6,310,16,2,2,1,0.85579
402,4,1,5,42,4,310,14,2,1,0,1.2614
402,4,1,5,43,8,300,14,2,2,1,0.68456
402,4,1,5,44,5,330,16,2,2,1,1.8745
402,4,1,5,45,7,300,10,2,2,1,1.2097
402,4,1,5,1,3,310,10,1,1,1,1.6985
402,4,1,5,2,9,300,16,2,2,1,0.51165
402,4,1,5,3,5,330,16,2,2,1,0.73693
402,4,1,5,4,2,330,14,1,1,1,0.73895
402,4,1,5,5,7,300,10,2,2,1,0.68761
402,4,1,5,6,6,310,16,2,2,1,0.80112
402,4,1,5,7,4,310,14,1,1,1,1.108
402,4,1,5,8,4,310,14,1,1,1,0.79943
402,4,1,5,9,8,300,14,2,2,1,0.59708
402,4,1,5,10,6,310,16,2,2,1,0.58178
402,4,1,5,11,6,310,16,2,2,1,0.84841
402,4,1,5,12,4,310,14,1,1,1,0.75491
402,4,1,5,13,1,330,10,1,1,1,1.0497
402,4,1,5,14,8,300,14,2,2,1,0.83967
402,4,1,5,15,3,310,10,1,1,1,1.1856
402,4,1,5,16,7,300,10,2,2,1,1.1954
402,4,1,5,17,2,330,14,1,1,1,1.1635
402,4,1,5,18,3,310,10,1,1,1,0.89483
402,4,1,5,19,3,310,10,1,1,1,0.97035
402,4,1,5,20,7,300,10,2,2,1,1.3263
402,4,1,5,21,8,300,14,2,2,1,1.3333
402,4,1,5,22,9,300,16,2,2,1,0.75357
402,4,1,5,23,8,300,14,2,2,1,0.65452
402,4,1,5,24,9,300,16,2,2,1,0.998
402,4,1,5,25,9,300,16,2,2,1,0.85805
402,4,1,5,26,5,330,16,2,2,1,1.3715
402,4,1,5,27,6,310,16,2,2,1,1.4197
402,4,1,5,28,5,330,16,2,2,1,0.77865
402,4,1,5,29,7,300,10,2,2,1,0.82239
402,4,1,5,30,1,330,10,1,1,1,0.88733
402,4,1,5,31,5,330,16,2,2,1,0.83905
402,4,1,5,32,7,300,10,2,2,1,0.64023
402,4,1,5,33,2,330,14,2,1,0,1.0432
402,4,1,5,34,9,300,16,2,2,1,0.66913
402,4,1,5,35,1,330,10,1,1,1,0.60777
402,4,1,5,36,4,310,14,2,1,0,1.5081
402,4,1,5,37,8,300,14,2,2,1,0.55528
402,4,1,5,38,1,330,10,1,1,1,0.5939
402,4,1,5,39,1,330,10,1,1,1,0.68274
402,4,1,5,40,2,330,14,1,1,1,1.1212
402,4,1,5,41,4,310,14,1,1,1,1.1598
402,4,1,5,42,5,330,16,2,2,1,0.69935
402,4,1,5,43,2,330,14,1,1,1,0.85717
402,4,1,5,44,3,310,10,1,1,1,0.93562
402,4,1,5,45,6,310,16,2,2,1,0.89423
402,4,1,5,1,8,300,14,2,2,1,0.61258
402,4,1,5,2,6,310,16,2,2,1,1.069
402,4,1,5,3,9,300,16,2,2,1,0.95513
402,4,1,5,4,4,310,14,1,1,1,0.75123
402,4,1,5,5,3,310,10,1,1,1,0.86665
402,4,1,5,6,4,310,14,1,1,1,0.84493
402,4,1,5,7,2,330,14,1,1,1,0.67781
402,4,1,5,8,7,300,10,2,2,1,0.86756
402,4,1,5,9,3,310,10,1,1,1,0.69668
402,4,1,5,10,5,330,16,2,2,1,0.80552
402,4,1,5,11,8,300,14,2,2,1,0.75077
402,4,1,5,12,7,300,10,2,2,1,0.59711
402,4,1,5,13,9,300,16,2,2,1,0.85418
402,4,1,5,14,1,330,10,1,1,1,0.87537
402,4,1,5,15,3,310,10,1,1,1,0.76684
402,4,1,5,16,2,330,14,1,1,1,1.1147
402,4,1,5,17,3,310,10,1,1,1,0.73298
402,4,1,5,18,1,330,10,1,1,1,0.61157
402,4,1,5,19,6,310,16,2,2,1,0.60278
402,4,1,5,20,9,300,16,2,2,1,0.59712
402,4,1,5,21,6,310,16,2,2,1,0.53896
402,4,1,5,22,5,330,16,2,2,1,0.59067
402,4,1,5,23,1,330,10,1,1,1,0.65902
402,4,1,5,24,7,300,10,2,2,1,0.47898
402,4,1,5,25,1,330,10,1,1,1,0.49262
402,4,1,5,26,9,300,16,2,2,1,0.5178
402,4,1,5,27,2,330,14,1,1,1,0.97024
402,4,1,5,28,5,330,16,2,2,1,0.98901
402,4,1,5,29,6,310,16,2,2,1,0.91246
402,4,1,5,30,8,300,14,2,2,1,1.1091
402,4,1,5,31,2,330,14,1,1,1,0.88072
402,4,1,5,32,4,310,14,1,1,1,0.8762
402,4,1,5,33,7,300,10,2,2,1,0.56276
402,4,1,5,34,8,300,14,2,2,1,0.55438
402,4,1,5,35,3,310,10,1,1,1,0.74928
402,4,1,5,36,9,300,16,2,2,1,0.61602
402,4,1,5,37,7,300,10,2,2,1,1.1715
402,4,1,5,38,6,310,16,2,2,1,0.64895
402,4,1,5,39,1,330,10,1,1,1,0.77068
402,4,1,5,40,2,330,14,1,1,1,1.1523
402,4,1,5,41,4,310,14,1,1,1,1.4094
402,4,1,5,42,5,330,16,2,2,1,1.1718
402,4,1,5,43,5,330,16,2,2,1,0.90444
402,4,1,5,44,4,310,14,1,1,1,0.87175
402,4,1,5,45,8,300,14,2,2,1,1.258
