407,4,1,4,1,3,310,10,1,1,1,1.3153
407,4,1,4,2,4,310,14,1,1,1,2.235
407,4,1,4,3,1,330,10,1,1,1,0.94664
407,4,1,4,4,8,300,14,2,2,1,0.96719
407,4,1,4,5,2,330,14,1,1,1,1.3355
407,4,1,4,6,6,310,16,2,2,1,1.5555
407,4,1,4,7,5,330,16,2,2,1,1.4172
407,4,1,4,8,9,300,16,2,2,1,0.9076
407,4,1,4,9,7,300,10,2,2,1,1.8666
407,4,1,4,10,6,310,16,2,2,1,1.1126
407,4,1,4,11,4,310,14,2,1,0,0.76719
407,4,1,4,12,1,330,10,1,1,1,1.1061
407,4,1,4,13,3,310,10,1,1,1,1.6423
407,4,1,4,14,7,300,10,2,2,1,1.0439
407,4,1,4,15,2,330,14,2,1,0,1.7653
407,4,1,4,16,6,310,16,2,2,1,1.5396
407,4,1,4,17,1,330,10,1,1,1,1.0926
407,4,1,4,18,2,330,14,2,1,0,0.90303
407,4,1,4,19,5,330,16,2,2,1,1.0614
407,4,1,4,20,3,310,10,1,1,1,1.5984
407,4,1,4,21,1,330,10,1,1,1,0.67796
407,4,1,4,22,3,310,10,1,1,1,1.1529
407,4,1,4,23,3,310,10,1,1,1,1.3
407,4,1,4,24,7,300,10,2,2,1,1.1517
407,4,1,4,25,8,300,14,2,2,1,0.71798
407,4,1,4,26,7,300,10,2,2,1,1.9098
407,4,1,4,27,9,300,16,2,2,1,0.64499
407,4,1,4,28,9,300,16,2,2,1,0.6463
407,4,1,4,29,8,300,14,2,2,1,0.74603
407,4,1,4,30,9,300,16,2,2,1,1.0887
407,4,1,4,31,8,300,14,2,2,1,2.0219
407,4,1,4,32,9,300,16,2,2,1,0.94487
407,4,1,4,33,2,330,14,1,1,1,1.1252
407,4,1,4,34,9,300,16,2,2,1,0.77485
407,4,1,4,35,4,310,14,1,1,1,1.4472
407,4,1,4,36,5,330,16,1,2,0,1.8943
407,4,1,4,37,6,310,16,2,2,1,1.8333
407,4,1,4,38,4,310,14,1,1,1,1.5709
407,4,1,4,39,8,300,14,2,2,1,1.0612
407,4,1,4,40,6,310,16,2,2,1,1.0329
407,4,1,4,41,2,330,14,1,1,1,1.0553
407,4,1,4,42,4,310,14,1,1,1,1.3143
407,4,1,4,43,8,300,14,2,2,1,1.5865
407,4,1,4,44,5,330,16,1,2,0,1.7566
407,4,1,4,45,7,300,10,2,2,1,0.91197
407,4,1,4,46,2,330,14,1,1,1,1.3399
407,4,1,4,47,5,330,16,2,2,1,1.5675
407,4,1,4,48,5,330,16,2,2,1,1.7252
407,4,1,4,49,4,310,14,1,1,1,2.0335
407,4,1,4,50,1,330,10,1,1,1,0.95387
407,4,1,4,51,1,330,10,1,1,1,0.70067
407,4,1,4,52,3,310,10,1,1,1,1.6422
407,4,1,4,53,6,310,16,2,2,1,1.2043
407,4,1,4,54,7,300,10,2,2,1,1.0226
407,4,1,4,1,6,310,16,2,2,1,1.1043
407,4,1,4,2,9,300,16,2,2,1,0.93424
407,4,1,4,3,2,330,14,1,1,1,1.0411
407,4,1,4,4,1,330,10,1,1,1,0.74681
407,4,1,4,5,4,310,14,1,1,1,1.7796
407,4,1,4,6,9,300,16,2,2,1,0.80764
407,4,1,4,7,5,330,16,2,2,1,2.0132
407,4,1,4,8,6,310,16,2,2,1,1.5451
407,4,1,4,9,6,310,16,2,2,1,0.96327
407,4,1,4,10,2,330,14,1,1,1,0.89826
407,4,1,4,11,8,300,14,2,2,1,1.1727
407,4,1,4,12,4,310,14,1,1,1,1.5737
407,4,1,4,13,1,330,10,1,1,1,0.90649
407,4,1,4,14,5,330,16,2,2,1,2.2136
407,4,1,4,15,3,310,10,1,1,1,2.3647
407,4,1,4,16,3,310,10,1,1,1,1.1437
407,4,1,4,17,4,310,14,1,1,1,1.3962
407,4,1,4,18,7,300,10,2,2,1,0.81056
407,4,1,4,19,3,310,10,1,1,1,2.0283
407,4,1,4,20,9,300,16,2,2,1,0.70566
407,4,1,4,21,4,310,14,1,1,1,1.655
407,4,1,4,22,7,300,10,2,2,1,1.0715
407,4,1,4,23,9,300,16,2,2,1,1.4016
407,4,1,4,24,3,310,10,1,1,1,1.6037
407,4,1,4,25,2,330,14,1,1,1,0.93926
407,4,1,4,26,6,310,16,2,2,1,1.7901
407,4,1,4,27,4,310,14,1,1,1,1.1909
407,4,1,4,28,6,310,16,2,2,1,1.2333
407,4,1,4,29,7,300,10,2,2,1,1.3532
407,4,1,4,30,5,330,16,2,2,1,1.7369
407,4,1,4,31,9,300,16,2,2,1,1.0173
407,4,1,4,32,2,330,14,1,1,1,0.75599
407,4,1,4,33,3,310,10,1,1,1,1.6351
407,4,1,4,34,7,300,10,2,2,1,1.6988
407,4,1,4,35,8,300,14,2,2,1,1.2345
407,4,1,4,36,5,330,16,2,2,1,0.84289
407,4,1,4,37,8,300,14,2,2,1,1.9503
407,4,1,4,38,1,330,10,1,1,1,0.75923
407,4,1,4,39,2,330,14,1,1,1,1.0029
407,4,1,4,40,7,300,10,2,2,1,1.0204
407,4,1,4,41,5,330,16,2,2,1,0.88374
407,4,1,4,42,8,300,14,2,2,1,1.0828
407,4,1,4,43,8,300,14,2,2,1,1.0868
407,4,1,4,44,1,330,10,1,1,1,0.7915
407,4,1,4,45,1,330,10,1,1,1,0.86604
407,4,1,4,1,6,310,16,2,2,1,1.2208
407,4,1,4,2,9,300,16,2,2,1,0.69355
407,4,1,4,3,8,300,14,2,2,1,1.3062
407,4,1,4,4,8,300,14,2,2,1,0.78403
407,4,1,4,5,2,330,14,1,1,1,1.231
407,4,1,4,6,6,310,16,2,2,1,0.96887
407,4,1,4,7,8,300,14,2,2,1,0.901
407,4,1,4,8,1,330,10,1,1,1,1.0186
407,4,1,4,9,7,300,10,2,2,1,0.75601
407,4,1,4,10,1,330,10,1,1,1,0.83306
407,4,1,4,11,8,300,14,2,2,1,0.88576
407,4,1,4,12,4,310,14,1,1,1,1.6207
407,4,1,4,13,2,330,14,1,1,1,1.5199
407,4,1,4,14,6,310,16,2,2,1,0.8419
407,4,1,4,15,8,300,14,2,2,1,1.5757
407,4,1,4,16,4,310,14,1,1,1,1.6814
407,4,1,4,17,9,300,16,2,2,1,1.3429
407,4,1,4,18,3,310,10,1,1,1,1.3312
407,4,1,4,19,3,310,10,1,1,1,1.6179
407,4,1,4,20,2,330,14,1,1,1,1.3444
407,4,1,4,21,6,310,16,2,2,1,0.84109
407,4,1,4,22,7,300,10,2,2,1,1.5926
407,4,1,4,23,5,330,16,2,2,1,0.94729
407,4,1,4,24,2,330,14,1,1,1,1.8038
407,4,1,4,25,4,310,14,1,1,1,1.3048
407,4,1,4,26,3,310,10,1,1,1,1.4554
407,4,1,4,27,2,330,14,1,1,1,0.9717
407,4,1,4,28,9,300,16,2,2,1,0.85033
407,4,1,4,29,3,310,10,1,1,1,1.711
407,4,1,4,30,7,300,10,2,2,1,1.1116
407,4,1,4,31,1,330,10,1,1,1,1.4034
407,4,1,4,32,6,310,16,2,2,1,0.77935
407,4,1,4,33,9,300,16,2,2,1,1.2358
407,4,1,4,34,5,330,16,2,2,1,1.5693
407,4,1,4,35,1,330,10,1,1,1,1.1113
407,4,1,4,36,5,330,16,2,2,1,0.89657
407,4,1,4,37,5,330,16,2,2,1,1.1273
407,4,1,4,38,5,330,16,2,2,1,1.0954
407,4,1,4,39,7,300,10,2,2,1,1.1987
407,4,1,4,40,3,310,10,1,1,1,1.4317
407,4,1,4,41,7,300,10,2,2,1,1.4238
407,4,1,4,42,9,300,16,2,2,1,1.2875
407,4,1,4,43,4,310,14,1,1,1,1.5822
407,4,1,4,44,4,310,14,1,1,1,1.6397
407,4,1,4,45,1,330,10,1,1,1,1.0291
407,4,1,4,1,8,300,14,2,2,1,1.2575
407,4,1,4,2,9,300,16,2,2,1,0.84462
407,4,1,4,3,5,330,16,2,2,1,1.0436
407,4,1,4,4,5,330,16,2,2,1,0.79286
407,4,1,4,5,7,300,10,2,2,1,1.2449
407,4,1,4,6,3,310,10,1,1,1,1.0722
407,4,1,4,7,3,310,10,1,1,1,1.2155
407,4,1,4,8,8,300,14,2,2,1,1.4569
407,4,1,4,9,3,310,10,1,1,1,1.5468
407,4,1,4,10,6,310,16,2,2,1,1.37
407,4,1,4,11,2,330,14,1,1,1,1.129
407,4,1,4,12,2,330,14,1,1,1,0.98201
407,4,1,4,13,6,310,16,1,2,0,1.5765
407,4,1,4,14,8,300,14,2,2,1,1.587
407,4,1,4,15,2,330,14,1,1,1,1.4095
407,4,1,4,16,6,310,16,2,2,1,1.7919
407,4,1,4,17,4,310,14,1,1,1,1.1469
407,4,1,4,18,4,310,14,1,1,1,1.1456
407,4,1,4,19,4,310,14,1,1,1,1.0812
407,4,1,4,20,3,310,10,1,1,1,1.419
407,4,1,4,21,7,300,10,1,2,0,2.0482
407,4,1,4,22,9,300,16,2,2,1,0.89887
407,4,1,4,23,2,330,14,1,1,1,1.16
407,4,1,4,24,1,330,10,1,1,1,0.92547
407,4,1,4,25,7,300,10,2,2,1,1.4173
407,4,1,4,26,8,300,14,2,2,1,1.2353
407,4,1,4,27,4,310,14,1,1,1,2.0455
407,4,1,4,28,5,330,16,2,2,1,1.2098
407,4,1,4,29,1,330,10,1,1,1,1.1772
407,4,1,4,30,7,300,10,2,2,1,0.67301
407,4,1,4,31,2,330,14,1,1,1,1.6098
407,4,1,4,32,7,300,10,2,2,1,1.1502
407,4,1,4,33,5,330,16,2,2,1,2.4026
407,4,1,4,34,1,330,10,1,1,1,0.70622
407,4,1,4,35,1,330,10,1,1,1,0.78221
407,4,1,4,36,8,300,14,2,2,1,1.4033
407,4,1,4,37,9,300,16,2,2,1,0.89474
407,4,1,4,38,6,310,16,2,2,1,1.0333
407,4,1,4,39,3,310,10,1,1,1,1.8953
407,4,1,4,40,9,300,16,2,2,1,1.1095
407,4,1,4,41,6,310,16,2,2,1,1.3591
407,4,1,4,42,5,330,16,2,2,1,0.93352
407,4,1,4,43,9,300,16,2,2,1,0.68249
407,4,1,4,44,1,330,10,1,1,1,1.5155
407,4,1,4,45,4,310,14,1,1,1,1.405
407,4,1,4,1,2,330,14,1,1,1,1.1827
407,4,1,4,2,8,300,14,2,2,1,1.4653
407,4,1,4,3,3,310,10,1,1,1,1.2591
407,4,1,4,4,1,330,10,1,1,1,0.89383
407,4,1,4,5,5,330,16,2,2,1,0.83562
407,4,1,4,6,2,330,14,1,1,1,1.3506
407,4,1,4,7,6,310,16,2,2,1,0.65258
407,4,1,4,8,9,300,16,2,2,1,0.69447
407,4,1,4,9,8,300,14,2,2,1,1.4612
407,4,1,4,10,4,310,14,1,1,1,1.7678
407,4,1,4,11,1,330,10,1,1,1,1.0551
407,4,1,4,12,2,330,14,1,1,1,0.96781
407,4,1,4,13,9,300,16,2,2,1,0.92895
407,4,1,4,14,7,300,10,2,2,1,1.1985
407,4,1,4,15,7,300,10,2,2,1,1.6214
407,4,1,4,16,6,310,16,2,2,1,0.78463
407,4,1,4,17,1,330,10,1,1,1,1.3526
407,4,1,4,18,8,300,14,2,2,1,0.69207
407,4,1,4,19,7,300,10,2,2,1,0.89574
407,4,1,4,20,7,300,10,2,2,1,1.332
407,4,1,4,21,4,310,14,1,1,1,2.2313
407,4,1,4,22,3,310,10,1,1,1,0.97366
407,4,1,4,23,2,330,14,1,1,1,0.98657
407,4,1,4,24,6,310,16,2,2,1,0.7211
407,4,1,4,25,7,300,10,2,2,1,1.0572
407,4,1,4,26,8,300,14,2,2,1,1.4869
407,4,1,4,27,3,310,10,1,1,1,1.3426
407,4,1,4,28,9,300,16,2,2,1,0.74864
407,4,1,4,29,8,300,14,2,2,1,0.86806
407,4,1,4,30,4,310,14,1,1,1,2.3284
407,4,1,4,31,9,300,16,2,2,1,0.80355
407,4,1,4,32,4,310,14,2,1,0,0.97436
407,4,1,4,33,1,330,10,1,1,1,0.83896
407,4,1,4,34,1,330,10,1,1,1,0.63955
407,4,1,4,35,3,310,10,1,1,1,1.2418
407,4,1,4,36,5,330,16,2,2,1,0.76346
407,4,1,4,37,6,310,16,2,2,1,0.96606
407,4,1,4,38,6,310,16,2,2,1,1.6143
407,4,1,4,39,5,330,16,2,2,1,0.69113
407,4,1,4,40,4,310,14,1,1,1,1.6851
407,4,1,4,41,3,310,10,1,1,1,1.313
407,4,1,4,42,2,330,14,1,1,1,1.2375
407,4,1,4,43,5,330,16,2,2,1,0.71839
407,4,1,4,44,5,330,16,2,2,1,0.94625
407,4,1,4,45,9,300,16,2,2,1,0.6499
407,4,1,4,1,1,330,10,1,1,1,1.0398
407,4,1,4,2,9,300,16,2,2,1,0.68938
407,4,1,4,3,3,310,10,1,1,1,1.6786
407,4,1,4,4,2,330,14,1,1,1,1.915
407,4,1,4,5,8,300,14,2,2,1,0.79235
407,4,1,4,6,1,330,10,1,1,1,0.998
407,4,1,4,7,7,300,10,2,2,1,1.6042
407,4,1,4,8,6,310,16,2,2,1,0.7153
407,4,1,4,9,7,300,10,2,2,1,0.83598
407,4,1,4,10,3,310,10,1,1,1,1.409
407,4,1,4,11,2,330,14,1,1,1,1.621
407,4,1,4,12,5,330,16,2,2,1,0.9193
407,4,1,4,13,6,310,16,2,2,1,0.67915
407,4,1,4,14,6,310,16,2,2,1,0.70477
407,4,1,4,15,2,330,14,1,1,1,1.3632
407,4,1,4,16,6,310,16,2,2,1,0.88713
407,4,1,4,17,5,330,16,2,2,1,0.54749
407,4,1,4,18,9,300,16,2,2,1,0.82318
407,4,1,4,19,2,330,14,1,1,1,1.1246
407,4,1,4,20,1,330,10,1,1,1,0.99823
407,4,1,4,21,9,300,16,2,2,1,1.3688
407,4,1,4,22,8,300,14,2,2,1,1.2669
407,4,1,4,23,7,300,10,2,2,1,1.3938
407,4,1,4,24,8,300,14,2,2,1,1.5117
407,4,1,4,25,4,310,14,1,1,1,1.6745
407,4,1,4,26,4,310,14,1,1,1,1.1044
407,4,1,4,27,7,300,10,1,2,0,1.3837
407,4,1,4,28,4,310,14,1,1,1,1.1347
407,4,1,4,29,4,310,14,1,1,1,1.0753
407,4,1,4,30,1,330,10,1,1,1,1.1963
407,4,1,4,31,3,310,10,1,1,1,1.3478
407,4,1,4,32,2,330,14,1,1,1,2.0589
407,4,1,4,33,9,300,16,2,2,1,0.80729
407,4,1,4,34,8,300,14,2,2,1,1.251
407,4,1,4,35,3,310,10,1,1,1,1.7577
407,4,1,4,36,7,300,10,2,2,1,0.7685
407,4,1,4,37,5,330,16,2,2,1,0.71304
407,4,1,4,38,4,310,14,2,1,0,1.0986
407,4,1,4,39,9,300,16,2,2,1,0.68252
407,4,1,4,40,3,310,10,1,1,1,1.2359
407,4,1,4,41,5,330,16,2,2,1,0.88714
407,4,1,4,42,6,310,16,2,2,1,0.678
407,4,1,4,43,5,330,16,2,2,1,0.73698
407,4,1,4,44,1,330,10,1,1,1,1.3478
407,4,1,4,45,8,300,14,2,2,1,1.4171
407,4,1,4,1,8,300,14,2,2,1,1.2502
407,4,1,4,2,4,310,14,1,1,1,2.0551
407,4,1,4,3,1,330,10,1,1,1,0.71079
407,4,1,4,4,4,310,14,1,1,1,1.644
407,4,1,4,5,9,300,16,2,2,1,0.77411
407,4,1,4,6,5,330,16,2,2,1,0.67706
407,4,1,4,7,6,310,16,2,2,1,0.7807
407,4,1,4,8,1,330,10,1,1,1,0.89553
407,4,1,4,9,6,310,16,2,2,1,0.73811
407,4,1,4,10,9,300,16,2,2,1,0.9021
407,4,1,4,11,2,330,14,1,1,1,1.1999
407,4,1,4,12,3,310,10,1,1,1,2.0993
407,4,1,4,13,7,300,10,2,2,1,1.5579
407,4,1,4,14,2,330,14,1,1,1,1.2697
407,4,1,4,15,6,310,16,2,2,1,0.7286
407,4,1,4,16,8,300,14,2,2,1,2.4454
407,4,1,4,17,9,300,16,2,2,1,0.7661
407,4,1,4,18,5,330,16,2,2,1,0.83661
407,4,1,4,19,7,300,10,2,2,1,0.94487
407,4,1,4,20,4,310,14,1,1,1,1.152
407,4,1,4,21,7,300,10,2,2,1,0.98478
407,4,1,4,22,8,300,14,2,2,1,0.8379
407,4,1,4,23,7,300,10,2,2,1,1.3017
407,4,1,4,24,1,330,10,1,1,1,1.0253
407,4,1,4,25,1,330,10,1,1,1,0.61292
407,4,1,4,26,9,300,16,2,2,1,0.86433
407,4,1,4,27,3,310,10,1,1,1,1.7067
407,4,1,4,28,8,300,14,2,2,1,0.92891
407,4,1,4,29,3,310,10,1,1,1,1.0526
407,4,1,4,30,2,330,14,2,1,0,1.1522
407,4,1,4,31,1,330,10,1,1,1,0.79989
407,4,1,4,32,7,300,10,2,2,1,0.82127
407,4,1,4,33,8,300,14,2,2,1,1.0727
407,4,1,4,34,6,310,16,2,2,1,0.71241
407,4,1,4,35,5,330,16,2,2,1,0.63911
407,4,1,4,36,5,330,16,2,2,1,0.68715
407,4,1,4,37,4,310,14,1,1,1,1.5028
407,4,1,4,38,5,330,16,2,2,1,1.1514
407,4,1,4,39,4,310,14,1,1,1,1.5971
407,4,1,4,40,9,300,16,2,2,1,0.80099
407,4,1,4,41,2,330,14,1,1,1,1.2411
407,4,1,4,42,3,310,10,1,1,1,0.78377
407,4,1,4,43,3,310,10,1,1,1,1.1116
407,4,1,4,44,2,330,14,1,1,1,1.1381
407,4,1,4,45,6,310,16,2,2,1,0.67814
407,4,1,4,1,4,310,14,1,1,1,1.7689
407,4,1,4,2,6,310,16,2,2,1,0.59278
407,4,1,4,3,6,310,16,2,2,1,1.2828
407,4,1,4,4,8,300,14,2,2,1,1.4924
407,4,1,4,5,4,310,14,1,1,1,1.2313
407,4,1,4,6,2,330,14,1,1,1,0.92633
407,4,1,4,7,4,310,14,1,1,1,1.4126
407,4,1,4,8,3,310,10,1,1,1,1.3422
407,4,1,4,9,9,300,16,2,2,1,1.1496
407,4,1,4,10,8,300,14,2,2,1,2.2836
407,4,1,4,11,9,300,16,2,2,1,1.2354
407,4,1,4,12,1,330,10,1,1,1,1.2277
407,4,1,4,13,1,330,10,1,1,1,0.64488
407,4,1,4,14,9,300,16,2,2,1,0.94007
407,4,1,4,15,7,300,10,2,2,1,1.9526
407,4,1,4,16,8,300,14,2,2,1,0.6282
407,4,1,4,17,9,300,16,2,2,1,1.0406
407,4,1,4,18,6,310,16,2,2,1,0.59586
407,4,1,4,19,3,310,10,1,1,1,1.8336
407,4,1,4,20,2,330,14,2,1,0,1.8788
407,4,1,4,21,1,330,10,1,1,1,1.1345
407,4,1,4,22,7,300,10,2,2,1,1.6298
407,4,1,4,23,7,300,10,2,2,1,1.1555
407,4,1,4,24,3,310,10,1,1,1,1.281
407,4,1,4,25,1,330,10,1,1,1,0.63993
407,4,1,4,26,7,300,10,2,2,1,0.75804
407,4,1,4,27,5,330,16,2,2,1,0.82868
407,4,1,4,28,3,310,10,1,1,1,1.4777
407,4,1,4,29,9,300,16,2,2,1,0.9498
407,4,1,4,30,2,330,14,1,1,1,1.6235
407,4,1,4,31,5,330,16,2,2,1,0.78535
407,4,1,4,32,6,310,16,2,2,1,0.71713
407,4,1,4,33,4,310,14,1,1,1,1.8686
407,4,1,4,34,3,310,10,2,1,0,2.03
407,4,1,4,35,7,300,10,2,2,1,0.70292
407,4,1,4,36,2,330,14,2,1,0,1.538
407,4,1,4,37,5,330,16,2,2,1,0.62076
407,4,1,4,38,6,310,16,2,2,1,1.4662
407,4,1,4,39,1,330,10,1,1,1,1.0768
407,4,1,4,40,8,300,14,2,2,1,1.8936
407,4,1,4,41,4,310,14,1,1,1,1.4539
407,4,1,4,42,5,330,16,2,2,1,0.7203
407,4,1,4,43,8,300,14,2,2,1,1.0856
407,4,1,4,44,2,330,14,1,1,1,1.2626
407,4,1,4,45,5,330,16,2,2,1,1.4847
407,4,1,4,1,5,330,16,2,2,1,0.95916
407,4,1,4,2,8,300,14,2,2,1,1.3303
407,4,1,4,3,5,330,16,2,2,1,0.87571
407,4,1,4,4,7,300,10,2,2,1,0.94657
407,4,1,4,5,6,310,16,2,2,1,0.66114
407,4,1,4,6,2,330,14,1,1,1,1.2955
407,4,1,4,7,7,300,10,2,2,1,0.96828
407,4,1,4,8,1,330,10,1,1,1,0.6983
407,4,1,4,9,1,330,10,1,1,1,0.81412
407,4,1,4,10,2,330,14,1,1,1,1.1924
407,4,1,4,11,6,310,16,2,2,1,1.4178
407,4,1,4,12,8,300,14,2,2,1,1.409
407,4,1,4,13,2,330,14,1,1,1,1.0299
407,4,1,4,14,3,310,10,2,1,0,1.4889
407,4,1,4,15,1,330,10,1,1,1,0.82582
407,4,1,4,16,3,310,10,1,1,1,1.2857
407,4,1,4,17,5,330,16,2,2,1,0.67627
407,4,1,4,18,3,310,10,1,1,1,1.0263
407,4,1,4,19,2,330,14,1,1,1,0.9522
407,4,1,4,20,2,330,14,1,1,1,0.93833
407,4,1,4,21,6,310,16,2,2,1,0.75772
407,4,1,4,22,9,300,16,2,2,1,1.4334
407,4,1,4,23,6,310,16,2,2,1,1.4841
407,4,1,4,24,7,300,10,2,2,1,0.8987
407,4,1,4,25,5,330,16,2,2,1,1.3581
407,4,1,4,26,4,310,14,1,1,1,1.6519
407,4,1,4,27,1,330,10,1,1,1,0.92476
407,4,1,4,28,8,300,14,2,2,1,1.1714
407,4,1,4,29,3,310,10,1,1,1,0.9724
407,4,1,4,30,9,300,16,2,2,1,0.71217
407,4,1,4,31,6,310,16,2,2,1,1.4239
407,4,1,4,32,5,330,16,2,2,1,1.0667
407,4,1,4,33,8,300,14,2,2,1,1.2022
407,4,1,4,34,9,300,16,2,2,1,1.2497
407,4,1,4,35,4,310,14,1,1,1,1.1066
407,4,1,4,36,9,300,16,2,2,1,0.98974
407,4,1,4,37,4,310,14,1,1,1,1.3176
407,4,1,4,38,7,300,10,2,2,1,1.3752
407,4,1,4,39,4,310,14,2,1,0,2.7562
407,4,1,4,40,8,300,14,2,2,1,0.98255
407,4,1,4,41,4,310,14,1,1,1,2.3536
407,4,1,4,42,7,300,10,2,2,1,1.0238
407,4,1,4,43,9,300,16,2,2,1,1.1521
407,4,1,4,44,1,330,10,1,1,1,1.0786
407,4,1,4,45,3,310,10,1,1,1,1.1375
407,4,1,4,1,3,310,10,1,1,1,1.1111
407,4,1,4,2,9,300,16,2,2,1,0.72568
407,4,1,4,3,2,330,14,1,1,1,1.1489
407,4,1,4,4,2,330,14,1,1,1,0.68175
407,4,1,4,5,6,310,16,2,2,1,0.78049
407,4,1,4,6,5,330,16,1,2,0,1.593
407,4,1,4,7,7,300,10,2,2,1,1.1057
407,4,1,4,8,1,330,10,1,1,1,1.088
407,4,1,4,9,2,330,14,1,1,1,1.5292
407,4,1,4,10,5,330,16,2,2,1,1.3733
407,4,1,4,11,7,300,10,2,2,1,1.219
407,4,1,4,12,3,310,10,1,1,1,1.4826
407,4,1,4,13,6,310,16,1,2,0,2.3321
407,4,1,4,14,3,310,10,1,1,1,1.428
407,4,1,4,15,4,310,14,1,1,1,1.4736
407,4,1,4,16,5,330,16,2,2,1,1.6964
407,4,1,4,17,4,310,14,1,1,1,2.3742
407,4,1,4,18,8,300,14,2,2,1,1.0372
407,4,1,4,19,9,300,16,2,2,1,1.079
407,4,1,4,20,8,300,14,2,2,1,0.97878
407,4,1,4,21,4,310,14,1,1,1,1.802
407,4,1,4,22,6,310,16,2,2,1,2.2998
407,4,1,4,23,6,310,16,2,2,1,2.4421
407,4,1,4,24,1,330,10,1,1,1,1.4584
407,4,1,4,25,3,310,10,1,1,1,1.7508
407,4,1,4,26,4,310,14,1,1,1,1.2676
407,4,1,4,27,5,330,16,2,2,1,1.0705
407,4,1,4,28,7,300,10,2,2,1,1.576
407,4,1,4,29,9,300,16,2,2,1,1.2102
407,4,1,4,30,8,300,14,2,2,1,1.8699
407,4,1,4,31,7,300,10,2,2,1,1.2047
407,4,1,4,32,6,310,16,2,2,1,0.7416
407,4,1,4,33,1,330,10,1,1,1,1.0796
407,4,1,4,34,9,300,16,2,2,1,0.95557
407,4,1,4,35,2,330,14,1,1,1,1.8287
407,4,1,4,36,1,330,10,1,1,1,1.4902
407,4,1,4,37,8,300,14,2,2,1,1.1569
407,4,1,4,38,5,330,16,2,2,1,1.1184
407,4,1,4,39,2,330,14,1,1,1,1.311
407,4,1,4,40,8,300,14,2,2,1,1.5389
407,4,1,4,41,7,300,10,2,2,1,0.82965
407,4,1,4,42,3,310,10,1,1,1,1.1238
407,4,1,4,43,4,310,14,1,1,1,1.2196
407,4,1,4,44,1,330,10,1,1,1,1.0284
407,4,1,4,45,9,300,16,2,2,1,0.7754
