402,4,1,1,1,5,330,16,NaN,2,9,NaN
402,4,1,1,2,9,300,16,2,2,1,3.2993
402,4,1,1,3,7,300,10,1,2,0,3.1434
402,4,1,1,4,1,330,10,1,1,1,3.5685
402,4,1,1,5,3,310,10,1,1,1,1.8555
402,4,1,1,6,2,330,14,1,1,1,2.4014
402,4,1,1,7,6,310,16,2,2,1,2.0783
402,4,1,1,8,4,310,14,1,1,1,2.6153
402,4,1,1,9,8,300,14,1,2,0,1.1808
402,4,1,1,10,9,300,16,1,2,0,2.1585
402,4,1,1,11,5,330,16,2,2,1,2.5285
402,4,1,1,12,8,300,14,1,2,0,1.8154
402,4,1,1,13,4,310,14,1,1,1,2.1494
402,4,1,1,14,2,330,14,1,1,1,1.3071
402,4,1,1,15,2,330,14,1,1,1,1.644
402,4,1,1,16,5,330,16,1,2,0,1.7638
402,4,1,1,17,7,300,10,1,2,0,3.3595
402,4,1,1,18,6,310,16,2,2,1,2.5973
402,4,1,1,19,6,310,16,1,2,0,1.5558
402,4,1,1,20,4,310,14,1,1,1,2.3062
402,4,1,1,21,5,330,16,2,2,1,2.1178
402,4,1,1,22,8,300,14,2,2,1,1.8174
402,4,1,1,23,7,300,10,2,2,1,2.4479
402,4,1,1,24,9,300,16,2,2,1,2.485
402,4,1,1,25,1,330,10,1,1,1,1.68
402,4,1,1,26,3,310,10,1,1,1,1.246
402,4,1,1,27,3,310,10,1,1,1,1.9393
402,4,1,1,28,8,300,14,2,2,1,1.7746
402,4,1,1,29,8,300,14,2,2,1,1.4766
402,4,1,1,30,9,300,16,2,2,1,1.7573
402,4,1,1,31,2,330,14,1,1,1,1.6858
402,4,1,1,32,1,330,10,1,1,1,1.5612
402,4,1,1,33,7,300,10,2,2,1,1.2073
402,4,1,1,34,3,310,10,1,1,1,1.6348
402,4,1,1,35,6,310,16,2,2,1,1.1404
402,4,1,1,36,9,300,16,2,2,1,0.78664
402,4,1,1,37,6,310,16,2,2,1,0.90959
402,4,1,1,38,5,330,16,2,2,1,1.8217
402,4,1,1,39,2,330,14,2,1,0,0.6556
402,4,1,1,40,4,310,14,2,1,0,2.6453
402,4,1,1,41,1,330,10,1,1,1,0.88395
402,4,1,1,42,8,300,14,2,2,1,1.1235
402,4,1,1,43,5,330,16,2,2,1,1.7816
402,4,1,1,44,6,310,16,1,2,0,1.5269
402,4,1,1,45,4,310,14,2,1,0,1.7338
402,4,1,1,46,1,330,10,1,1,1,1.0562
402,4,1,1,47,2,330,14,1,1,1,1.6031
402,4,1,1,48,3,310,10,1,1,1,3.1973
402,4,1,1,49,4,310,14,1,1,1,2.5464
402,4,1,1,50,3,310,10,1,1,1,1.7985
402,4,1,1,51,7,300,10,2,2,1,1.1406
402,4,1,1,52,7,300,10,2,2,1,0.62892
402,4,1,1,53,1,330,10,1,1,1,1.3968
402,4,1,1,54,9,300,16,2,2,1,0.76087
402,4,1,1,1,4,310,14,2,1,0,2.1191
402,4,1,1,2,6,310,16,2,2,1,2.2472
402,4,1,1,3,9,300,16,2,2,1,1.176
402,4,1,1,4,1,330,10,1,1,1,0.96457
402,4,1,1,5,5,330,16,2,2,1,1.8993
402,4,1,1,6,6,310,16,2,2,1,2.555
402,4,1,1,7,2,330,14,1,1,1,1.5007
402,4,1,1,8,1,330,10,1,1,1,0.71293
402,4,1,1,9,9,300,16,2,2,1,1.1859
402,4,1,1,10,3,310,10,1,1,1,1.6375
402,4,1,1,11,1,330,10,1,1,1,0.79705
402,4,1,1,12,7,300,10,2,2,1,1.421
402,4,1,1,13,3,310,10,1,1,1,1.2782
402,4,1,1,14,7,300,10,2,2,1,1.1012
402,4,1,1,15,2,330,14,2,1,0,2.1165
402,4,1,1,16,1,330,10,1,1,1,1.0328
402,4,1,1,17,8,300,14,2,2,1,0.85571
402,4,1,1,18,3,310,10,1,1,1,1.4157
402,4,1,1,19,3,310,10,1,1,1,1.5556
402,4,1,1,20,8,300,14,2,2,1,0.76228
402,4,1,1,21,5,330,16,2,2,1,1.2238
402,4,1,1,22,4,310,14,2,1,0,0.81759
402,4,1,1,23,1,330,10,1,1,1,0.8086
402,4,1,1,24,9,300,16,2,2,1,0.75086
402,4,1,1,25,2,330,14,1,1,1,2.5723
402,4,1,1,26,8,300,14,2,2,1,0.95461
402,4,1,1,27,3,310,10,1,1,1,1.9424
402,4,1,1,28,5,330,16,2,2,1,1.2848
402,4,1,1,29,5,330,16,2,2,1,1.1754
402,4,1,1,30,5,330,16,2,2,1,1.0949
402,4,1,1,31,9,300,16,2,2,1,1.0924
402,4,1,1,32,7,300,10,2,2,1,1.8628
402,4,1,1,33,2,330,14,1,1,1,1.2626
402,4,1,1,34,4,310,14,1,1,1,2.7843
402,4,1,1,35,6,310,16,2,2,1,1.4423
402,4,1,1,36,7,300,10,2,2,1,0.84256
402,4,1,1,37,6,310,16,2,2,1,1.1911
402,4,1,1,38,8,300,14,2,2,1,0.98588
402,4,1,1,39,4,310,14,1,1,1,1.9018
402,4,1,1,40,9,300,16,2,2,1,0.93037
402,4,1,1,41,7,300,10,2,2,1,1.0501
402,4,1,1,42,8,300,14,2,2,1,1.1225
402,4,1,1,43,6,310,16,2,2,1,1.948
402,4,1,1,44,4,310,14,1,1,1,2.2793
402,4,1,1,45,2,330,14,1,1,1,1.4306
402,4,1,1,1,2,330,14,1,1,1,1.5871
402,4,1,1,2,7,300,10,2,2,1,1.0321
402,4,1,1,3,9,300,16,2,2,1,0.64197
402,4,1,1,4,5,330,16,1,2,0,1.6341
402,4,1,1,5,5,330,16,2,2,1,1.2871
402,4,1,1,6,2,330,14,2,1,0,1.4524
402,4,1,1,7,5,330,16,2,2,1,1.7869
402,4,1,1,8,8,300,14,2,2,1,2.3367
402,4,1,1,9,3,310,10,1,1,1,1.9463
402,4,1,1,10,5,330,16,2,2,1,1.2889
402,4,1,1,11,4,310,14,1,1,1,2.2442
402,4,1,1,12,7,300,10,2,2,1,0.91653
402,4,1,1,13,2,330,14,1,1,1,1.2178
402,4,1,1,14,3,310,10,1,1,1,0.85711
402,4,1,1,15,1,330,10,1,1,1,0.81131
402,4,1,1,16,4,310,14,1,1,1,1.3596
402,4,1,1,17,7,300,10,2,2,1,1.5622
402,4,1,1,18,3,310,10,1,1,1,1.5763
402,4,1,1,19,8,300,14,2,2,1,1.0134
402,4,1,1,20,1,330,10,1,1,1,1.8112
402,4,1,1,21,9,300,16,2,2,1,1.3212
402,4,1,1,22,8,300,14,2,2,1,0.91338
402,4,1,1,23,6,310,16,2,2,1,2.009
402,4,1,1,24,9,300,16,2,2,1,2.195
402,4,1,1,25,8,300,14,2,2,1,1.0465
402,4,1,1,26,6,310,16,2,2,1,1.8924
402,4,1,1,27,2,330,14,1,1,1,1.3314
402,4,1,1,28,5,330,16,2,2,1,1.2382
402,4,1,1,29,6,310,16,2,2,1,1.6541
402,4,1,1,30,9,300,16,2,2,1,0.91231
402,4,1,1,31,9,300,16,2,2,1,1.4958
402,4,1,1,32,7,300,10,2,2,1,1.6587
402,4,1,1,33,1,330,10,1,1,1,1.9145
402,4,1,1,34,1,330,10,1,1,1,0.72677
402,4,1,1,35,4,310,14,1,1,1,3.0562
402,4,1,1,36,6,310,16,2,2,1,1.5797
402,4,1,1,37,3,310,10,1,1,1,1.36
402,4,1,1,38,3,310,10,1,1,1,0.93556
402,4,1,1,39,4,310,14,1,1,1,2.2243
402,4,1,1,40,7,300,10,2,2,1,1.175
402,4,1,1,41,8,300,14,2,2,1,1.0679
402,4,1,1,42,1,330,10,1,1,1,1.0156
402,4,1,1,43,2,330,14,1,1,1,1.3267
402,4,1,1,44,4,310,14,1,1,1,2.2904
402,4,1,1,45,6,310,16,2,2,1,1.2201
402,4,1,1,1,3,310,10,1,1,1,1.2286
402,4,1,1,2,4,310,14,2,1,0,1.8123
402,4,1,1,3,7,300,10,2,2,1,1.7293
402,4,1,1,4,4,310,14,1,1,1,3.7529
402,4,1,1,5,6,310,16,2,2,1,1.9593
402,4,1,1,6,1,330,10,1,1,1,0.73994
402,4,1,1,7,6,310,16,2,2,1,1.0536
402,4,1,1,8,4,310,14,2,1,0,2.1333
402,4,1,1,9,5,330,16,2,2,1,1.5816
402,4,1,1,10,3,310,10,1,1,1,0.76813
402,4,1,1,11,9,300,16,2,2,1,1.4442
402,4,1,1,12,5,330,16,2,2,1,2.3887
402,4,1,1,13,9,300,16,2,2,1,0.77428
402,4,1,1,14,8,300,14,2,2,1,0.69495
402,4,1,1,15,8,300,14,2,2,1,1.6067
402,4,1,1,16,6,310,16,1,2,0,2.8718
402,4,1,1,17,4,310,14,1,1,1,1.6307
402,4,1,1,18,7,300,10,2,2,1,0.96267
402,4,1,1,19,2,330,14,1,1,1,1.2388
402,4,1,1,20,9,300,16,2,2,1,1.3521
402,4,1,1,21,4,310,14,1,1,1,2.6198
402,4,1,1,22,2,330,14,1,1,1,0.84197
402,4,1,1,23,1,330,10,1,1,1,0.79567
402,4,1,1,24,7,300,10,2,2,1,0.73938
402,4,1,1,25,7,300,10,2,2,1,0.91636
402,4,1,1,26,8,300,14,2,2,1,0.92371
402,4,1,1,27,3,310,10,1,1,1,1.2311
402,4,1,1,28,2,330,14,1,1,1,1.1255
402,4,1,1,29,2,330,14,1,1,1,1.0757
402,4,1,1,30,8,300,14,2,2,1,0.79515
402,4,1,1,31,5,330,16,2,2,1,0.90783
402,4,1,1,32,3,310,10,1,1,1,1.5223
402,4,1,1,33,7,300,10,2,2,1,0.73102
402,4,1,1,34,1,330,10,1,1,1,0.78764
402,4,1,1,35,1,330,10,1,1,1,0.72917
402,4,1,1,36,8,300,14,2,2,1,0.73048
402,4,1,1,37,1,330,10,1,1,1,0.95512
402,4,1,1,38,6,310,16,2,2,1,1.5199
402,4,1,1,39,3,310,10,1,1,1,1.1194
402,4,1,1,40,5,330,16,2,2,1,0.89014
402,4,1,1,41,2,330,14,1,1,1,1.1916
402,4,1,1,42,5,330,16,1,2,0,1.2738
402,4,1,1,43,6,310,16,2,2,1,0.79049
402,4,1,1,44,9,300,16,2,2,1,0.74442
402,4,1,1,45,9,300,16,2,2,1,0.77928
402,4,1,1,1,6,310,16,1,2,0,2.6777
402,4,1,1,2,8,300,14,2,2,1,1.7008
402,4,1,1,3,2,330,14,1,1,1,1.1939
402,4,1,1,4,1,330,10,1,1,1,0.69957
402,4,1,1,5,2,330,14,1,1,1,0.73492
402,4,1,1,6,1,330,10,1,1,1,0.61446
402,4,1,1,7,6,310,16,2,2,1,0.80086
402,4,1,1,8,9,300,16,2,2,1,0.69623
402,4,1,1,9,1,330,10,1,1,1,0.64056
402,4,1,1,10,4,310,14,1,1,1,2.5304
402,4,1,1,11,5,330,16,2,2,1,1.7471
402,4,1,1,12,9,300,16,2,2,1,0.73747
402,4,1,1,13,3,310,10,1,1,1,0.7729
402,4,1,1,14,7,300,10,2,2,1,2.0547
402,4,1,1,15,1,330,10,1,1,1,0.7127
402,4,1,1,16,7,300,10,2,2,1,1.0288
402,4,1,1,17,3,310,10,1,1,1,1.8624
402,4,1,1,18,4,310,14,2,1,0,1.8313
402,4,1,1,19,3,310,10,1,1,1,0.99633
402,4,1,1,20,6,310,16,2,2,1,1.3076
402,4,1,1,21,8,300,14,2,2,1,1.4497
402,4,1,1,22,7,300,10,2,2,1,2.032
402,4,1,1,23,4,310,14,1,1,1,1.6042
402,4,1,1,24,9,300,16,2,2,1,0.90564
402,4,1,1,25,3,310,10,1,1,1,0.81728
402,4,1,1,26,8,300,14,2,2,1,2.2916
402,4,1,1,27,7,300,10,2,2,1,1.8792
402,4,1,1,28,5,330,16,2,2,1,0.98687
402,4,1,1,29,9,300,16,2,2,1,0.79166
402,4,1,1,30,2,330,14,1,1,1,1.2481
402,4,1,1,31,6,310,16,2,2,1,0.69312
402,4,1,1,32,8,300,14,2,2,1,0.6448
402,4,1,1,33,2,330,14,2,1,0,1.8813
402,4,1,1,34,7,300,10,2,2,1,1.6391
402,4,1,1,35,1,330,10,1,1,1,1.2925
402,4,1,1,36,3,310,10,1,1,1,0.98869
402,4,1,1,37,8,300,14,2,2,1,2.1769
402,4,1,1,38,6,310,16,2,2,1,1.7706
402,4,1,1,39,4,310,14,1,1,1,1.5597
402,4,1,1,40,2,330,14,1,1,1,2.0311
402,4,1,1,41,5,330,16,2,2,1,1.0419
402,4,1,1,42,4,310,14,1,1,1,2.042
402,4,1,1,43,9,300,16,2,2,1,1.1539
402,4,1,1,44,5,330,16,2,2,1,1.3382
402,4,1,1,45,5,330,16,2,2,1,1.5519
402,4,1,1,1,2,330,14,1,1,1,1.5916
402,4,1,1,2,6,310,16,1,2,0,2.5962
402,4,1,1,3,2,330,14,1,1,1,0.82369
402,4,1,1,4,1,330,10,1,1,1,0.61011
402,4,1,1,5,2,330,14,1,1,1,0.86263
402,4,1,1,6,4,310,14,1,1,1,1.8123
402,4,1,1,7,7,300,10,2,2,1,0.67423
402,4,1,1,8,5,330,16,2,2,1,1.049
402,4,1,1,9,3,310,10,1,1,1,1.5233
402,4,1,1,10,4,310,14,1,1,1,1.6709
402,4,1,1,11,8,300,14,2,2,1,0.88664
402,4,1,1,12,4,310,14,1,1,1,1.2913
402,4,1,1,13,9,300,16,2,2,1,1.0823
402,4,1,1,14,7,300,10,2,2,1,1.7913
402,4,1,1,15,1,330,10,1,1,1,0.731
402,4,1,1,16,3,310,10,1,1,1,0.88027
402,4,1,1,17,6,310,16,2,2,1,0.91556
402,4,1,1,18,6,310,16,2,2,1,1.3478
402,4,1,1,19,5,330,16,2,2,1,1.4339
402,4,1,1,20,9,300,16,2,2,1,0.81073
402,4,1,1,21,8,300,14,2,2,1,0.90476
402,4,1,1,22,3,310,10,1,1,1,1.3124
402,4,1,1,23,7,300,10,2,2,1,0.75343
402,4,1,1,24,2,330,14,1,1,1,1.4631
402,4,1,1,25,4,310,14,1,1,1,1.1948
402,4,1,1,26,6,310,16,2,2,1,1.2674
402,4,1,1,27,8,300,14,2,2,1,0.84187
402,4,1,1,28,8,300,14,2,2,1,0.69135
402,4,1,1,29,1,330,10,1,1,1,0.63203
402,4,1,1,30,9,300,16,2,2,1,0.62643
402,4,1,1,31,2,330,14,1,1,1,0.68035
402,4,1,1,32,5,330,16,2,2,1,2.1145
402,4,1,1,33,7,300,10,2,2,1,0.79826
402,4,1,1,34,9,300,16,2,2,1,0.75908
402,4,1,1,35,1,330,10,1,1,1,0.67791
402,4,1,1,36,8,300,14,2,2,1,0.58866
402,4,1,1,37,9,300,16,2,2,1,0.68227
402,4,1,1,38,7,300,10,2,2,1,0.72962
402,4,1,1,39,6,310,16,2,2,1,1.3989
402,4,1,1,40,5,330,16,2,2,1,0.96969
402,4,1,1,41,3,310,10,1,1,1,1.0798
402,4,1,1,42,5,330,16,2,2,1,0.97692
402,4,1,1,43,4,310,14,1,1,1,1.2244
402,4,1,1,44,1,330,10,1,1,1,0.65874
402,4,1,1,45,3,310,10,1,1,1,0.84561
402,4,1,1,1,2,330,14,1,1,1,1.7942
402,4,1,1,2,4,310,14,1,1,1,2.4624
402,4,1,1,3,1,330,10,1,1,1,0.70492
402,4,1,1,4,9,300,16,2,2,1,0.71988
402,4,1,1,5,7,300,10,2,2,1,2.1846
402,4,1,1,6,7,300,10,2,2,1,0.94725
402,4,1,1,7,1,330,10,1,1,1,0.57012
402,4,1,1,8,9,300,16,2,2,1,0.68258
402,4,1,1,9,5,330,16,2,2,1,0.96834
402,4,1,1,10,3,310,10,1,1,1,1.1278
402,4,1,1,11,9,300,16,2,2,1,0.82664
402,4,1,1,12,7,300,10,2,2,1,0.96309
402,4,1,1,13,7,300,10,2,2,1,1.6799
402,4,1,1,14,1,330,10,1,1,1,1.542
402,4,1,1,15,8,300,14,2,2,1,0.74613
402,4,1,1,16,1,330,10,1,1,1,0.57778
402,4,1,1,17,3,310,10,1,1,1,0.93323
402,4,1,1,18,6,310,16,2,2,1,1.2314
402,4,1,1,19,9,300,16,2,2,1,1.079
402,4,1,1,20,6,310,16,2,2,1,2.405
402,4,1,1,21,7,300,10,1,2,0,2.5017
402,4,1,1,22,2,330,14,1,1,1,1.9501
402,4,1,1,23,2,330,14,1,1,1,0.98555
402,4,1,1,24,2,330,14,1,1,1,1.6099
402,4,1,1,25,6,310,16,2,2,1,0.85223
402,4,1,1,26,9,300,16,2,2,1,0.6832
402,4,1,1,27,5,330,16,2,2,1,1.0937
402,4,1,1,28,6,310,16,2,2,1,1.8103
402,4,1,1,29,8,300,14,2,2,1,1.509
402,4,1,1,30,5,330,16,1,2,0,0.85617
402,4,1,1,31,3,310,10,1,1,1,1.5098
402,4,1,1,32,4,310,14,1,1,1,1.1286
402,4,1,1,33,8,300,14,2,2,1,0.84895
402,4,1,1,34,3,310,10,1,1,1,0.8255
402,4,1,1,35,6,310,16,2,2,1,1.1663
402,4,1,1,36,4,310,14,1,1,1,0.97101
402,4,1,1,37,1,330,10,1,1,1,0.742
402,4,1,1,38,5,330,16,2,2,1,1.0214
402,4,1,1,39,8,300,14,2,2,1,0.69821
402,4,1,1,40,5,330,16,2,2,1,0.89454
402,4,1,1,41,2,330,14,1,1,1,1.0454
402,4,1,1,42,8,300,14,2,2,1,0.59736
402,4,1,1,43,3,310,10,1,1,1,0.6664
402,4,1,1,44,4,310,14,1,1,1,1.8388
402,4,1,1,45,4,310,14,1,1,1,1.0927
402,4,1,1,1,7,300,10,2,2,1,1.0633
402,4,1,1,2,2,330,14,1,1,1,1.6437
402,4,1,1,3,5,330,16,2,2,1,0.99238
402,4,1,1,4,8,300,14,2,2,1,0.66466
402,4,1,1,5,2,330,14,1,1,1,1.0033
402,4,1,1,6,5,330,16,2,2,1,0.86364
402,4,1,1,7,5,330,16,2,2,1,0.76982
402,4,1,1,8,2,330,14,1,1,1,1.0677
402,4,1,1,9,6,310,16,2,2,1,0.78234
402,4,1,1,10,4,310,14,1,1,1,1.9261
402,4,1,1,11,3,310,10,1,1,1,0.63188
402,4,1,1,12,4,310,14,1,1,1,1.59
402,4,1,1,13,1,330,10,1,1,1,0.73769
402,4,1,1,14,1,330,10,1,1,1,0.61611
402,4,1,1,15,6,310,16,2,2,1,0.93257
402,4,1,1,16,8,300,14,2,2,1,1.0045
402,4,1,1,17,2,330,14,1,1,1,2.1162
402,4,1,1,18,8,300,14,2,2,1,0.7363
402,4,1,1,19,3,310,10,1,1,1,0.89288
402,4,1,1,20,4,310,14,1,1,1,2.0965
402,4,1,1,21,7,300,10,2,2,1,2.5178
402,4,1,1,22,7,300,10,2,2,1,0.96711
402,4,1,1,23,9,300,16,2,2,1,0.64172
402,4,1,1,24,4,310,14,2,1,0,2.0943
402,4,1,1,25,3,310,10,1,1,1,0.82232
402,4,1,1,26,1,330,10,1,1,1,0.59623
402,4,1,1,27,1,330,10,1,1,1,0.61892
402,4,1,1,28,2,330,14,1,1,1,2.8163
402,4,1,1,29,6,310,16,2,2,1,2.0128
402,4,1,1,30,9,300,16,2,2,1,0.62922
402,4,1,1,31,6,310,16,2,2,1,1.5993
402,4,1,1,32,5,330,16,2,2,1,1.252
402,4,1,1,33,7,300,10,2,2,1,0.74805
402,4,1,1,34,3,310,10,1,1,1,1.2942
402,4,1,1,35,6,310,16,1,2,0,2.6982
402,4,1,1,36,9,300,16,2,2,1,0.63052
402,4,1,1,37,9,300,16,2,2,1,0.76583
402,4,1,1,38,1,330,10,1,1,1,0.69263
402,4,1,1,39,9,300,16,2,2,1,0.77317
402,4,1,1,40,8,300,14,2,2,1,0.5905
402,4,1,1,41,8,300,14,2,2,1,0.54344
402,4,1,1,42,7,300,10,2,2,1,0.77604
402,4,1,1,43,3,310,10,1,1,1,0.80109
402,4,1,1,44,5,330,16,2,2,1,1.3892
402,4,1,1,45,4,310,14,1,1,1,1.6019
402,4,1,1,1,9,300,16,2,2,1,0.85547
402,4,1,1,2,6,310,16,2,2,1,1.3918
402,4,1,1,3,2,330,14,1,1,1,0.85092
402,4,1,1,4,9,300,16,2,2,1,0.68517
402,4,1,1,5,9,300,16,2,2,1,1.0606
402,4,1,1,6,1,330,10,1,1,1,0.61506
402,4,1,1,7,8,300,14,2,2,1,0.6246
402,4,1,1,8,4,310,14,1,1,1,1.5089
402,4,1,1,9,3,310,10,1,1,1,0.9925
402,4,1,1,10,5,330,16,2,2,1,1.1542
402,4,1,1,11,8,300,14,2,2,1,0.85006
402,4,1,1,12,1,330,10,1,1,1,0.6745
402,4,1,1,13,4,310,14,1,1,1,1.2919
402,4,1,1,14,7,300,10,2,2,1,0.68044
402,4,1,1,15,1,330,10,1,1,1,0.51134
402,4,1,1,16,6,310,16,2,2,1,1.0226
402,4,1,1,17,7,300,10,2,2,1,0.70803
402,4,1,1,18,2,330,14,1,1,1,1.3355
402,4,1,1,19,1,330,10,1,1,1,0.55961
402,4,1,1,20,6,310,16,2,2,1,0.91824
402,4,1,1,21,5,330,16,2,2,1,1.8148
402,4,1,1,22,6,310,16,2,2,1,1.7174
402,4,1,1,23,4,310,14,1,1,1,1.2897
402,4,1,1,24,2,330,14,1,1,1,0.7404
402,4,1,1,25,1,330,10,1,1,1,0.6183
402,4,1,1,26,3,310,10,1,1,1,1.0066
402,4,1,1,27,9,300,16,2,2,1,0.81709
402,4,1,1,28,7,300,10,2,2,1,2.516
402,4,1,1,29,8,300,14,2,2,1,0.71161
402,4,1,1,30,8,300,14,2,2,1,1.3161
402,4,1,1,31,2,330,14,1,1,1,1.111
402,4,1,1,32,7,300,10,2,2,1,2.027
402,4,1,1,33,5,330,16,1,2,0,1.3893
402,4,1,1,34,5,330,16,2,2,1,0.97126
402,4,1,1,35,9,300,16,2,2,1,0.68823
402,4,1,1,36,3,310,10,1,1,1,0.94443
402,4,1,1,37,6,310,16,2,2,1,1.011
402,4,1,1,38,3,310,10,1,1,1,0.71517
402,4,1,1,39,2,330,14,1,1,1,1.0011
402,4,1,1,40,4,310,14,1,1,1,2.7541
402,4,1,1,41,5,330,16,2,2,1,0.90278
402,4,1,1,42,4,310,14,1,1,1,1.4639
402,4,1,1,43,7,300,10,2,2,1,1.7004
402,4,1,1,44,3,310,10,1,1,1,1.1028
402,4,1,1,45,8,300,14,2,2,1,1.2694
402,4,1,1,1,7,300,10,2,2,1,1.0431
402,4,1,1,2,9,300,16,2,2,1,1.0609
402,4,1,1,3,2,330,14,1,1,1,1.038
402,4,1,1,4,4,310,14,1,1,1,1.2223
402,4,1,1,5,8,300,14,1,2,0,1.7645
402,4,1,1,6,8,300,14,2,2,1,0.60698
402,4,1,1,7,4,310,14,1,1,1,1.4427
402,4,1,1,8,1,330,10,1,1,1,0.7096
402,4,1,1,9,4,310,14,1,1,1,1.6466
402,4,1,1,10,7,300,10,2,2,1,0.98025
402,4,1,1,11,8,300,14,2,2,1,0.65104
402,4,1,1,12,8,300,14,2,2,1,0.51088
402,4,1,1,13,7,300,10,2,2,1,1.4852
402,4,1,1,14,2,330,14,2,1,0,1.2667
402,4,1,1,15,1,330,10,1,1,1,0.51547
402,4,1,1,16,3,310,10,1,1,1,0.58158
402,4,1,1,17,3,310,10,1,1,1,0.54563
402,4,1,1,18,1,330,10,1,1,1,0.4729
402,4,1,1,19,7,300,10,2,2,1,1.1709
402,4,1,1,20,6,310,16,2,2,1,1.6077
402,4,1,1,21,2,330,14,1,1,1,1.6152
402,4,1,1,22,5,330,16,2,2,1,1.1896
402,4,1,1,23,7,300,10,2,2,1,0.69263
402,4,1,1,24,9,300,16,2,2,1,0.90301
402,4,1,1,25,9,300,16,2,2,1,0.50647
402,4,1,1,26,1,330,10,1,1,1,0.91811
402,4,1,1,27,5,330,16,2,2,1,0.65898
402,4,1,1,28,5,330,16,2,2,1,1.3903
402,4,1,1,29,3,310,10,1,1,1,1.9435
402,4,1,1,30,2,330,14,1,1,1,2.5497
402,4,1,1,31,8,300,14,2,2,1,0.65352
402,4,1,1,32,6,310,16,2,2,1,0.80184
402,4,1,1,33,9,300,16,2,2,1,1.0916
402,4,1,1,34,1,330,10,1,1,1,0.7579
402,4,1,1,35,3,310,10,1,1,1,1.4923
402,4,1,1,36,9,300,16,2,2,1,1.9349
402,4,1,1,37,2,330,14,1,1,1,0.60564
402,4,1,1,38,6,310,16,2,2,1,1.3498
402,4,1,1,39,3,310,10,1,1,1,0.70963
402,4,1,1,40,4,310,14,1,1,1,1.0605
402,4,1,1,41,6,310,16,2,2,1,0.75113
402,4,1,1,42,6,310,16,2,2,1,0.67257
402,4,1,1,43,4,310,14,1,1,1,1.1053
402,4,1,1,44,5,330,16,2,2,1,0.94993
402,4,1,1,45,5,330,16,2,2,1,1.0818
