403,4,1,1,1,5,330,16,NaN,2,9,NaN
403,4,1,1,2,8,300,14,2,2,1,2.0816
403,4,1,1,3,1,330,10,2,1,0,1.7112
403,4,1,1,4,3,310,10,1,1,1,1.7612
403,4,1,1,5,4,310,14,2,1,0,2.642
403,4,1,1,6,9,300,16,2,2,1,2.1549
403,4,1,1,7,6,310,16,2,2,1,1.381
403,4,1,1,8,7,300,10,1,2,0,2.257
403,4,1,1,9,2,330,14,2,1,0,1.3853
403,4,1,1,10,7,300,10,2,2,1,2.0834
403,4,1,1,11,8,300,14,1,2,0,2.492
403,4,1,1,12,4,310,14,2,1,0,1.2691
403,4,1,1,13,7,300,10,2,2,1,1.6193
403,4,1,1,14,9,300,16,2,2,1,1.6694
403,4,1,1,15,7,300,10,2,2,1,1.2359
403,4,1,1,16,7,300,10,2,2,1,1.0893
403,4,1,1,17,8,300,14,1,2,0,2.0991
403,4,1,1,18,7,300,10,2,2,1,1.7853
403,4,1,1,19,3,310,10,2,1,0,1.055
403,4,1,1,20,1,330,10,2,1,0,1.0129
403,4,1,1,21,4,310,14,2,1,0,1.8297
403,4,1,1,22,1,330,10,2,1,0,2.2793
403,4,1,1,23,6,310,16,1,2,0,0.62071
403,4,1,1,24,9,300,16,2,2,1,0.99715
403,4,1,1,25,2,330,14,2,1,0,1.3121
403,4,1,1,26,9,300,16,2,2,1,1.0171
403,4,1,1,27,1,330,10,2,1,0,2.1762
403,4,1,1,28,6,310,16,2,2,1,0.92061
403,4,1,1,29,4,310,14,2,1,0,0.96165
403,4,1,1,30,5,330,16,1,2,0,1.9506
403,4,1,1,31,2,330,14,2,1,0,1.7611
403,4,1,1,32,8,300,14,2,2,1,1.8123
403,4,1,1,33,6,310,16,2,2,1,0.79238
403,4,1,1,34,5,330,16,1,2,0,2.8068
403,4,1,1,35,1,330,10,2,1,0,1.1764
403,4,1,1,36,8,300,14,1,2,0,2.8513
403,4,1,1,37,9,300,16,2,2,1,0.7147
403,4,1,1,38,3,310,10,2,1,0,1.08
403,4,1,1,39,6,310,16,1,2,0,2.33
403,4,1,1,40,3,310,10,2,1,0,1.1159
403,4,1,1,41,2,330,14,1,1,1,3.1326
403,4,1,1,42,4,310,14,2,1,0,1.8185
403,4,1,1,43,2,330,14,2,1,0,1.7358
403,4,1,1,44,6,310,16,2,2,1,1.4944
403,4,1,1,45,2,330,14,1,1,1,1.0613
403,4,1,1,46,5,330,16,1,2,0,1.5742
403,4,1,1,47,4,310,14,2,1,0,1.6432
403,4,1,1,48,8,300,14,1,2,0,1.3306
403,4,1,1,49,3,310,10,1,1,1,2.3295
403,4,1,1,50,5,330,16,2,2,1,1.2774
403,4,1,1,51,1,330,10,1,1,1,1.7688
403,4,1,1,52,5,330,16,2,2,1,1.0686
403,4,1,1,53,3,310,10,1,1,1,1.7574
403,4,1,1,54,9,300,16,1,2,0,1.949
403,4,1,1,1,1,330,10,2,1,0,1.9689
403,4,1,1,2,7,300,10,2,2,1,2.0595
403,4,1,1,3,4,310,14,1,1,1,1.7846
403,4,1,1,4,1,330,10,2,1,0,2.3918
403,4,1,1,5,1,330,10,2,1,0,1.8997
403,4,1,1,6,6,310,16,1,2,0,0.84961
403,4,1,1,7,1,330,10,2,1,0,2.177
403,4,1,1,8,2,330,14,1,1,1,0.72076
403,4,1,1,9,3,310,10,2,1,0,2.4535
403,4,1,1,10,8,300,14,1,2,0,1.1232
403,4,1,1,11,3,310,10,1,1,1,3.467
403,4,1,1,12,2,330,14,2,1,0,1.0716
403,4,1,1,13,7,300,10,2,2,1,1.3783
403,4,1,1,14,9,300,16,1,2,0,1.6964
403,4,1,1,15,2,330,14,1,1,1,2.3059
403,4,1,1,16,5,330,16,1,2,0,0.90913
403,4,1,1,17,4,310,14,1,1,1,0.99474
403,4,1,1,18,3,310,10,2,1,0,1.8683
403,4,1,1,19,3,310,10,1,1,1,1.1229
403,4,1,1,20,6,310,16,2,2,1,2.2035
403,4,1,1,21,9,300,16,2,2,1,0.75951
403,4,1,1,22,3,310,10,1,1,1,2.0796
403,4,1,1,23,6,310,16,1,2,0,2.7406
403,4,1,1,24,9,300,16,2,2,1,1.6011
403,4,1,1,25,9,300,16,2,2,1,0.61624
403,4,1,1,26,4,310,14,2,1,0,1.6656
403,4,1,1,27,1,330,10,1,1,1,2.5127
403,4,1,1,28,8,300,14,2,2,1,2.0733
403,4,1,1,29,4,310,14,1,1,1,1.6241
403,4,1,1,30,8,300,14,2,2,1,1.4069
403,4,1,1,31,2,330,14,1,1,1,0.91329
403,4,1,1,32,7,300,10,1,2,0,1.555
403,4,1,1,33,6,310,16,2,2,1,1.5186
403,4,1,1,34,5,330,16,1,2,0,1.4652
403,4,1,1,35,2,330,14,2,1,0,0.93072
403,4,1,1,36,4,310,14,2,1,0,1.3528
403,4,1,1,37,5,330,16,1,2,0,1.431
403,4,1,1,38,9,300,16,2,2,1,0.68434
403,4,1,1,39,7,300,10,2,2,1,1.3724
403,4,1,1,40,6,310,16,2,2,1,1.7522
403,4,1,1,41,5,330,16,2,2,1,1.9429
403,4,1,1,42,8,300,14,2,2,1,1.195
403,4,1,1,43,7,300,10,2,2,1,1.4741
403,4,1,1,44,8,300,14,2,2,1,0.7377
403,4,1,1,45,5,330,16,1,2,0,1.927
403,4,1,1,1,7,300,10,2,2,1,1.0212
403,4,1,1,2,6,310,16,2,2,1,0.83055
403,4,1,1,3,3,310,10,2,1,0,0.67423
403,4,1,1,4,6,310,16,2,2,1,0.8508
403,4,1,1,5,4,310,14,2,1,0,1.2019
403,4,1,1,6,7,300,10,2,2,1,1.9693
403,4,1,1,7,4,310,14,2,1,0,1.7459
403,4,1,1,8,9,300,16,2,2,1,0.60857
403,4,1,1,9,8,300,14,2,2,1,0.73216
403,4,1,1,10,5,330,16,1,2,0,0.8527
403,4,1,1,11,9,300,16,2,2,1,0.58775
403,4,1,1,12,3,310,10,2,1,0,0.98008
403,4,1,1,13,8,300,14,2,2,1,0.55427
403,4,1,1,14,7,300,10,1,2,0,1.6736
403,4,1,1,15,9,300,16,2,2,1,0.56403
403,4,1,1,16,5,330,16,2,2,1,1.0067
403,4,1,1,17,9,300,16,2,2,1,0.92536
403,4,1,1,18,1,330,10,1,1,1,0.94719
403,4,1,1,19,5,330,16,2,2,1,1.726
403,4,1,1,20,3,310,10,1,1,1,1.2572
403,4,1,1,21,3,310,10,1,1,1,1.7439
403,4,1,1,22,5,330,16,2,2,1,1.8131
403,4,1,1,23,2,330,14,2,1,0,1.1609
403,4,1,1,24,3,310,10,1,1,1,1.9919
403,4,1,1,25,7,300,10,1,2,0,1.4946
403,4,1,1,26,5,330,16,2,2,1,0.92504
403,4,1,1,27,2,330,14,2,1,0,1.0113
403,4,1,1,28,6,310,16,2,2,1,0.75362
403,4,1,1,29,6,310,16,2,2,1,0.65982
403,4,1,1,30,1,330,10,1,1,1,0.8814
403,4,1,1,31,4,310,14,2,1,0,1.4852
403,4,1,1,32,6,310,16,2,2,1,1.6
403,4,1,1,33,8,300,14,2,2,1,1.0646
403,4,1,1,34,4,310,14,2,1,0,1.1576
403,4,1,1,35,2,330,14,2,1,0,1.4572
403,4,1,1,36,1,330,10,2,1,0,1.4443
403,4,1,1,37,4,310,14,2,1,0,0.79502
403,4,1,1,38,7,300,10,2,2,1,0.83295
403,4,1,1,39,1,330,10,1,1,1,1.6853
403,4,1,1,40,8,300,14,2,2,1,1.0189
403,4,1,1,41,2,330,14,2,1,0,0.75899
403,4,1,1,42,2,330,14,1,1,1,0.69542
403,4,1,1,43,1,330,10,2,1,0,1.9952
403,4,1,1,44,9,300,16,2,2,1,0.73665
403,4,1,1,45,8,300,14,2,2,1,0.74661
403,4,1,1,1,8,300,14,2,2,1,0.78141
403,4,1,1,2,6,310,16,2,2,1,1.4949
403,4,1,1,3,6,310,16,2,2,1,0.69018
403,4,1,1,4,5,330,16,1,2,0,1.0244
403,4,1,1,5,3,310,10,2,1,0,1.2065
403,4,1,1,6,7,300,10,2,2,1,0.62764
403,4,1,1,7,3,310,10,2,1,0,0.7433
403,4,1,1,8,8,300,14,2,2,1,0.7899
403,4,1,1,9,5,330,16,2,2,1,1.2678
403,4,1,1,10,4,310,14,2,1,0,1.0651
403,4,1,1,11,7,300,10,2,2,1,0.94437
403,4,1,1,12,1,330,10,2,1,0,2.2334
403,4,1,1,13,4,310,14,1,1,1,1.6088
403,4,1,1,14,6,310,16,2,2,1,0.77554
403,4,1,1,15,4,310,14,2,1,0,1.5943
403,4,1,1,16,7,300,10,2,2,1,0.82886
403,4,1,1,17,5,330,16,2,2,1,2.4688
403,4,1,1,18,4,310,14,2,1,0,0.90789
403,4,1,1,19,2,330,14,2,1,0,0.66276
403,4,1,1,20,6,310,16,2,2,1,0.77201
403,4,1,1,21,8,300,14,2,2,1,1.093
403,4,1,1,22,3,310,10,2,1,0,1.4951
403,4,1,1,23,8,300,14,2,2,1,0.80527
403,4,1,1,24,8,300,14,2,2,1,1.0376
403,4,1,1,25,9,300,16,2,2,1,0.73772
403,4,1,1,26,5,330,16,1,2,0,1.3049
403,4,1,1,27,1,330,10,2,1,0,1.6678
403,4,1,1,28,9,300,16,2,2,1,1.2476
403,4,1,1,29,2,330,14,2,1,0,2.1634
403,4,1,1,30,2,330,14,2,1,0,1.9091
403,4,1,1,31,1,330,10,1,1,1,2.0246
403,4,1,1,32,9,300,16,2,2,1,0.69513
403,4,1,1,33,7,300,10,1,2,0,0.94685
403,4,1,1,34,3,310,10,1,1,1,2.3583
403,4,1,1,35,1,330,10,2,1,0,2.2992
403,4,1,1,36,4,310,14,2,1,0,0.99744
403,4,1,1,37,7,300,10,1,2,0,1.0619
403,4,1,1,38,2,330,14,2,1,0,1.6728
403,4,1,1,39,9,300,16,2,2,1,0.98434
403,4,1,1,40,9,300,16,2,2,1,0.97993
403,4,1,1,41,2,330,14,2,1,0,1.4437
403,4,1,1,42,6,310,16,2,2,1,0.83773
403,4,1,1,43,5,330,16,1,2,0,0.49089
403,4,1,1,44,1,330,10,1,1,1,1.1124
403,4,1,1,45,3,310,10,1,1,1,1.0549
403,4,1,1,1,2,330,14,2,1,0,1.9762
403,4,1,1,2,8,300,14,2,2,1,1.2558
403,4,1,1,3,3,310,10,2,1,0,1.6428
403,4,1,1,4,2,330,14,2,1,0,2.7819
403,4,1,1,5,5,330,16,2,2,1,1.3286
403,4,1,1,6,1,330,10,2,1,0,3.2317
403,4,1,1,7,6,310,16,2,2,1,0.83804
403,4,1,1,8,5,330,16,2,2,1,2.4051
403,4,1,1,9,5,330,16,2,2,1,0.77892
403,4,1,1,10,9,300,16,2,2,1,2.0281
403,4,1,1,11,8,300,14,1,2,0,2.6528
403,4,1,1,12,9,300,16,2,2,1,1.6333
403,4,1,1,13,9,300,16,2,2,1,0.77392
403,4,1,1,14,7,300,10,1,2,0,0.82044
403,4,1,1,15,6,310,16,2,2,1,2.5912
403,4,1,1,16,6,310,16,2,2,1,0.73765
403,4,1,1,17,7,300,10,1,2,0,2.3298
403,4,1,1,18,4,310,14,2,1,0,1.1045
403,4,1,1,19,6,310,16,1,2,0,1.898
403,4,1,1,20,7,300,10,1,2,0,1.5024
403,4,1,1,21,5,330,16,2,2,1,1.6466
403,4,1,1,22,2,330,14,2,1,0,1.2738
403,4,1,1,23,3,310,10,1,1,1,2.7271
403,4,1,1,24,1,330,10,1,1,1,1.0801
403,4,1,1,25,1,330,10,1,1,1,0.74813
403,4,1,1,26,8,300,14,1,2,0,3.1083
403,4,1,1,27,9,300,16,2,2,1,0.87231
403,4,1,1,28,9,300,16,2,2,1,1.0346
403,4,1,1,29,4,310,14,2,1,0,2.0616
403,4,1,1,30,2,330,14,1,1,1,1.8619
403,4,1,1,31,4,310,14,1,1,1,1.8551
403,4,1,1,32,6,310,16,1,2,0,1.3413
403,4,1,1,33,8,300,14,2,2,1,1.1728
403,4,1,1,34,5,330,16,1,2,0,1.3266
403,4,1,1,35,7,300,10,2,2,1,3.1016
403,4,1,1,36,4,310,14,2,1,0,2.9144
403,4,1,1,37,3,310,10,1,1,1,1.1818
403,4,1,1,38,4,310,14,1,1,1,1.9143
403,4,1,1,39,8,300,14,2,2,1,1.2622
403,4,1,1,40,3,310,10,1,1,1,2.196
403,4,1,1,41,1,330,10,1,1,1,0.75232
403,4,1,1,42,2,330,14,1,1,1,2.2472
403,4,1,1,43,3,310,10,1,1,1,1.5479
403,4,1,1,44,7,300,10,2,2,1,1.4172
403,4,1,1,45,1,330,10,1,1,1,1.4548
403,4,1,1,1,6,310,16,2,2,1,1.3975
403,4,1,1,2,5,330,16,2,2,1,1.0583
403,4,1,1,3,3,310,10,1,1,1,1.1084
403,4,1,1,4,3,310,10,1,1,1,1.478
403,4,1,1,5,3,310,10,1,1,1,0.85262
403,4,1,1,6,9,300,16,2,2,1,0.97519
403,4,1,1,7,7,300,10,2,2,1,1.6019
403,4,1,1,8,4,310,14,1,1,1,2.1793
403,4,1,1,9,1,330,10,1,1,1,0.90109
403,4,1,1,10,8,300,14,2,2,1,1.3231
403,4,1,1,11,6,310,16,2,2,1,1.0822
403,4,1,1,12,6,310,16,1,2,0,2.2688
403,4,1,1,13,9,300,16,2,2,1,1.0462
403,4,1,1,14,6,310,16,2,2,1,1.1995
403,4,1,1,15,1,330,10,1,1,1,1.0203
403,4,1,1,16,8,300,14,2,2,1,0.85741
403,4,1,1,17,4,310,14,1,1,1,1.4304
403,4,1,1,18,5,330,16,2,2,1,0.99625
403,4,1,1,19,7,300,10,2,2,1,1.3403
403,4,1,1,20,4,310,14,1,1,1,1.57
403,4,1,1,21,8,300,14,2,2,1,0.77736
403,4,1,1,22,2,330,14,1,1,1,0.78507
403,4,1,1,23,5,330,16,2,2,1,0.75406
403,4,1,1,24,1,330,10,1,1,1,1.2023
403,4,1,1,25,8,300,14,2,2,1,0.97301
403,4,1,1,26,3,310,10,2,1,0,0.77955
403,4,1,1,27,6,310,16,2,2,1,0.59347
403,4,1,1,28,9,300,16,2,2,1,0.61731
403,4,1,1,29,7,300,10,2,2,1,0.75216
403,4,1,1,30,1,330,10,1,1,1,0.68593
403,4,1,1,31,2,330,14,2,1,0,0.80435
403,4,1,1,32,5,330,16,2,2,1,1.0295
403,4,1,1,33,4,310,14,1,1,1,1.6251
403,4,1,1,34,2,330,14,1,1,1,1.4684
403,4,1,1,35,8,300,14,2,2,1,1.0588
403,4,1,1,36,5,330,16,2,2,1,0.96226
403,4,1,1,37,9,300,16,2,2,1,0.97898
403,4,1,1,38,4,310,14,1,1,1,1.5957
403,4,1,1,39,1,330,10,1,1,1,1.1702
403,4,1,1,40,2,330,14,1,1,1,1.4146
403,4,1,1,41,9,300,16,2,2,1,0.79998
403,4,1,1,42,7,300,10,2,2,1,0.74822
403,4,1,1,43,2,330,14,1,1,1,1.2981
403,4,1,1,44,7,300,10,2,2,1,0.66146
403,4,1,1,45,3,310,10,1,1,1,1.1616
403,4,1,1,1,1,330,10,1,1,1,1.264
403,4,1,1,2,2,330,14,2,1,0,0.80111
403,4,1,1,3,1,330,10,1,1,1,1.2009
403,4,1,1,4,6,310,16,2,2,1,0.74463
403,4,1,1,5,1,330,10,1,1,1,1.1891
403,4,1,1,6,7,300,10,2,2,1,1.1156
403,4,1,1,7,2,330,14,2,1,0,1.3209
403,4,1,1,8,2,330,14,1,1,1,0.74446
403,4,1,1,9,7,300,10,2,2,1,0.73606
403,4,1,1,10,4,310,14,2,1,0,0.8436
403,4,1,1,11,5,330,16,2,2,1,0.87798
403,4,1,1,12,5,330,16,2,2,1,1.4007
403,4,1,1,13,8,300,14,2,2,1,1.2039
403,4,1,1,14,3,310,10,1,1,1,0.98762
403,4,1,1,15,2,330,14,1,1,1,1.4265
403,4,1,1,16,5,330,16,2,2,1,1.0853
403,4,1,1,17,9,300,16,1,2,0,1.4805
403,4,1,1,18,9,300,16,2,2,1,0.72697
403,4,1,1,19,4,310,14,1,1,1,1.3678
403,4,1,1,20,8,300,14,2,2,1,0.65296
403,4,1,1,21,6,310,16,1,2,0,0.85776
403,4,1,1,22,8,300,14,2,2,1,0.64662
403,4,1,1,23,6,310,16,2,2,1,1.2267
403,4,1,1,24,4,310,14,1,1,1,1.8164
403,4,1,1,25,7,300,10,1,2,0,1.5749
403,4,1,1,26,9,300,16,2,2,1,1.6511
403,4,1,1,27,6,310,16,2,2,1,2.7912
403,4,1,1,28,3,310,10,1,1,1,1.375
403,4,1,1,29,3,310,10,1,1,1,0.75398
403,4,1,1,30,4,310,14,1,1,1,0.63591
403,4,1,1,31,2,330,14,1,1,1,1.2163
403,4,1,1,32,7,300,10,2,2,1,1.2696
403,4,1,1,33,8,300,14,2,2,1,2.6531
403,4,1,1,34,9,300,16,2,2,1,0.89653
403,4,1,1,35,3,310,10,1,1,1,1.713
403,4,1,1,36,1,330,10,1,1,1,0.69797
403,4,1,1,37,6,310,16,1,2,0,1.9038
403,4,1,1,38,3,310,10,1,1,1,1.623
403,4,1,1,39,8,300,14,1,2,0,2.5114
403,4,1,1,40,1,330,10,1,1,1,1.1569
403,4,1,1,41,7,300,10,2,2,1,1.737
403,4,1,1,42,9,300,16,2,2,1,1.7877
403,4,1,1,43,5,330,16,2,2,1,1.2704
403,4,1,1,44,5,330,16,2,2,1,1.1446
403,4,1,1,45,4,310,14,2,1,0,1.4693
403,4,1,1,1,7,300,10,1,2,0,1.997
403,4,1,1,2,8,300,14,2,2,1,1.7662
403,4,1,1,3,9,300,16,2,2,1,0.77062
403,4,1,1,4,1,330,10,1,1,1,0.7674
403,4,1,1,5,9,300,16,2,2,1,0.92094
403,4,1,1,6,5,330,16,2,2,1,1.7037
403,4,1,1,7,6,310,16,2,2,1,1.0701
403,4,1,1,8,1,330,10,1,1,1,1.1269
403,4,1,1,9,6,310,16,2,2,1,0.934
403,4,1,1,10,8,300,14,2,2,1,1.3465
403,4,1,1,11,7,300,10,2,2,1,1.1562
403,4,1,1,12,4,310,14,1,1,1,1.481
403,4,1,1,13,3,310,10,1,1,1,1.1317
403,4,1,1,14,9,300,16,2,2,1,1.4093
403,4,1,1,15,1,330,10,1,1,1,1.4883
403,4,1,1,16,4,310,14,1,1,1,1.5262
403,4,1,1,17,4,310,14,2,1,0,2.0931
403,4,1,1,18,8,300,14,2,2,1,1.5085
403,4,1,1,19,5,330,16,2,2,1,1.7429
403,4,1,1,20,9,300,16,2,2,1,1.1931
403,4,1,1,21,5,330,16,2,2,1,1.0208
403,4,1,1,22,2,330,14,1,1,1,1.0489
403,4,1,1,23,2,330,14,1,1,1,0.67526
403,4,1,1,24,3,310,10,1,1,1,0.85531
403,4,1,1,25,6,310,16,1,2,0,2.4212
403,4,1,1,26,4,310,14,2,1,0,1.424
403,4,1,1,27,8,300,14,2,2,1,0.79146
403,4,1,1,28,3,310,10,1,1,1,0.90668
403,4,1,1,29,7,300,10,2,2,1,0.82808
403,4,1,1,30,8,300,14,2,2,1,1.269
403,4,1,1,31,6,310,16,1,2,0,1.1158
403,4,1,1,32,2,330,14,1,1,1,1.6288
403,4,1,1,33,2,330,14,1,1,1,0.58345
403,4,1,1,34,2,330,14,1,1,1,0.55953
403,4,1,1,35,1,330,10,1,1,1,1.0517
403,4,1,1,36,5,330,16,2,2,1,0.85865
403,4,1,1,37,7,300,10,1,2,0,1.7314
403,4,1,1,38,3,310,10,1,1,1,1.1533
403,4,1,1,39,3,310,10,1,1,1,1.0575
403,4,1,1,40,5,330,16,2,2,1,0.92487
403,4,1,1,41,1,330,10,1,1,1,0.8725
403,4,1,1,42,9,300,16,2,2,1,0.90429
403,4,1,1,43,4,310,14,1,1,1,1.2408
403,4,1,1,44,6,310,16,1,2,0,2.0033
403,4,1,1,45,7,300,10,2,2,1,1.0042
403,4,1,1,1,9,300,16,2,2,1,0.73043
403,4,1,1,2,6,310,16,2,2,1,0.54417
403,4,1,1,3,7,300,10,2,2,1,1.6385
403,4,1,1,4,6,310,16,2,2,1,0.9677
403,4,1,1,5,2,330,14,1,1,1,1.164
403,4,1,1,6,4,310,14,1,1,1,0.9997
403,4,1,1,7,4,310,14,1,1,1,0.75877
403,4,1,1,8,5,330,16,2,2,1,0.90445
403,4,1,1,9,2,330,14,1,1,1,0.94584
403,4,1,1,10,4,310,14,1,1,1,0.78869
403,4,1,1,11,2,330,14,1,1,1,0.86473
403,4,1,1,12,7,300,10,2,2,1,1.1614
403,4,1,1,13,2,330,14,1,1,1,1.1903
403,4,1,1,14,3,310,10,1,1,1,0.75607
403,4,1,1,15,8,300,14,2,2,1,0.82416
403,4,1,1,16,5,330,16,2,2,1,0.91132
403,4,1,1,17,5,330,16,2,2,1,0.62809
403,4,1,1,18,8,300,14,1,2,0,0.67908
403,4,1,1,19,3,310,10,1,1,1,0.76693
403,4,1,1,20,3,310,10,1,1,1,0.56626
403,4,1,1,21,1,330,10,1,1,1,0.54991
403,4,1,1,22,1,330,10,1,1,1,0.62325
403,4,1,1,23,8,300,14,2,2,1,0.78306
403,4,1,1,24,1,330,10,1,1,1,0.57232
403,4,1,1,25,7,300,10,2,2,1,0.56961
403,4,1,1,26,1,330,10,1,1,1,0.63978
403,4,1,1,27,7,300,10,2,2,1,0.75022
403,4,1,1,28,5,330,16,2,2,1,0.83072
403,4,1,1,29,9,300,16,2,2,1,0.90031
403,4,1,1,30,4,310,14,1,1,1,1.5592
403,4,1,1,31,6,310,16,2,2,1,0.78246
403,4,1,1,32,9,300,16,2,2,1,0.54614
403,4,1,1,33,9,300,16,2,2,1,0.6457
403,4,1,1,34,1,330,10,1,1,1,0.74498
403,4,1,1,35,6,310,16,2,2,1,0.63987
403,4,1,1,36,8,300,14,1,2,0,1.413
403,4,1,1,37,9,300,16,2,2,1,0.67627
403,4,1,1,38,5,330,16,2,2,1,0.60917
403,4,1,1,39,6,310,16,2,2,1,0.65608
403,4,1,1,40,2,330,14,1,1,1,0.67697
403,4,1,1,41,4,310,14,1,1,1,1.1915
403,4,1,1,42,7,300,10,1,2,0,1.1533
403,4,1,1,43,3,310,10,1,1,1,0.78201
403,4,1,1,44,8,300,14,2,2,1,1.9309
403,4,1,1,45,3,310,10,1,1,1,0.68708
403,4,1,1,1,4,310,14,2,1,0,0.75707
403,4,1,1,2,8,300,14,1,2,0,0.98388
403,4,1,1,3,9,300,16,2,2,1,0.67323
403,4,1,1,4,4,310,14,1,1,1,0.88691
403,4,1,1,5,8,300,14,1,2,0,0.68691
403,4,1,1,6,3,310,10,1,1,1,0.82284
403,4,1,1,7,8,300,14,2,2,1,1.2369
403,4,1,1,8,1,330,10,1,1,1,0.74527
403,4,1,1,9,7,300,10,1,2,0,1.1419
403,4,1,1,10,5,330,16,2,2,1,0.89412
403,4,1,1,11,7,300,10,2,2,1,1.0087
403,4,1,1,12,1,330,10,1,1,1,0.94884
403,4,1,1,13,2,330,14,1,1,1,1.6039
403,4,1,1,14,5,330,16,2,2,1,0.65704
403,4,1,1,15,8,300,14,2,2,1,0.93601
403,4,1,1,16,5,330,16,2,2,1,1.1096
403,4,1,1,17,3,310,10,1,1,1,1.318
403,4,1,1,18,8,300,14,2,2,1,1.2469
403,4,1,1,19,1,330,10,1,1,1,0.81347
403,4,1,1,20,6,310,16,2,2,1,0.80383
403,4,1,1,21,2,330,14,1,1,1,1.2045
403,4,1,1,22,5,330,16,1,2,0,1.2311
403,4,1,1,23,6,310,16,2,2,1,0.63917
403,4,1,1,24,2,330,14,1,1,1,0.87034
403,4,1,1,25,6,310,16,1,2,0,1.3113
403,4,1,1,26,7,300,10,2,2,1,0.90995
403,4,1,1,27,9,300,16,2,2,1,1.41
403,4,1,1,28,4,310,14,1,1,1,1.2824
403,4,1,1,29,4,310,14,1,1,1,1.0903
403,4,1,1,30,1,330,10,1,1,1,0.74564
403,4,1,1,31,3,310,10,1,1,1,0.86357
403,4,1,1,32,9,300,16,2,2,1,0.46251
403,4,1,1,33,7,300,10,1,2,0,1.3566
403,4,1,1,34,3,310,10,1,1,1,1.163
403,4,1,1,35,9,300,16,2,2,1,0.65369
403,4,1,1,36,2,330,14,1,1,1,1.3612
403,4,1,1,37,3,310,10,1,1,1,0.77954
403,4,1,1,38,6,310,16,2,2,1,1.2187
403,4,1,1,39,7,300,10,2,2,1,0.84596
403,4,1,1,40,1,330,10,1,1,1,0.72586
403,4,1,1,41,6,310,16,2,2,1,0.439
403,4,1,1,42,9,300,16,2,2,1,0.66539
403,4,1,1,43,2,330,14,1,1,1,1.2236
403,4,1,1,44,5,330,16,2,2,1,0.9666
403,4,1,1,45,4,310,14,1,1,1,1.2088
