407,4,1,2,1,4,310,14,1,1,1,2.3233
407,4,1,2,2,5,330,16,2,2,1,1.4363
407,4,1,2,3,9,300,16,2,2,1,1.0155
407,4,1,2,4,8,300,14,2,2,1,0.89933
407,4,1,2,5,6,310,16,2,2,1,1.2771
407,4,1,2,6,1,330,10,1,1,1,1.6764
407,4,1,2,7,2,330,14,1,1,1,1.8412
407,4,1,2,8,3,310,10,1,1,1,1.8527
407,4,1,2,9,7,300,10,2,2,1,1.2314
407,4,1,2,10,7,300,10,2,2,1,1.1665
407,4,1,2,11,6,310,16,2,2,1,0.9648
407,4,1,2,12,1,330,10,1,1,1,0.90004
407,4,1,2,13,7,300,10,2,2,1,1.3936
407,4,1,2,14,4,310,14,2,1,0,1.7545
407,4,1,2,15,4,310,14,2,1,0,1.5745
407,4,1,2,16,7,300,10,2,2,1,1.1174
407,4,1,2,17,7,300,10,2,2,1,0.70565
407,4,1,2,18,4,310,14,1,1,1,1.7164
407,4,1,2,19,2,330,14,1,1,1,0.92649
407,4,1,2,20,8,300,14,2,2,1,1.5345
407,4,1,2,21,2,330,14,2,1,0,1.2323
407,4,1,2,22,5,330,16,2,2,1,0.9558
407,4,1,2,23,3,310,10,1,1,1,1.59
407,4,1,2,24,4,310,14,2,1,0,1.3203
407,4,1,2,25,1,330,10,1,1,1,0.87117
407,4,1,2,26,8,300,14,2,2,1,1.0398
407,4,1,2,27,8,300,14,2,2,1,0.74747
407,4,1,2,28,3,310,10,1,1,1,1.8784
407,4,1,2,29,1,330,10,1,1,1,0.8223
407,4,1,2,30,9,300,16,2,2,1,0.80267
407,4,1,2,31,9,300,16,2,2,1,0.63323
407,4,1,2,32,9,300,16,2,2,1,0.54073
407,4,1,2,33,5,330,16,2,2,1,0.84683
407,4,1,2,34,6,310,16,2,2,1,1.0521
407,4,1,2,35,3,310,10,1,1,1,1.3967
407,4,1,2,36,6,310,16,2,2,1,1.6076
407,4,1,2,37,2,330,14,1,1,1,0.91343
407,4,1,2,38,2,330,14,1,1,1,1.8879
407,4,1,2,39,3,310,10,1,1,1,1.4671
407,4,1,2,40,6,310,16,2,2,1,1.0261
407,4,1,2,41,3,310,10,2,1,0,2.1302
407,4,1,2,42,5,330,16,2,2,1,1.043
407,4,1,2,43,4,310,14,1,1,1,1.7065
407,4,1,2,44,9,300,16,2,2,1,0.67157
407,4,1,2,45,2,330,14,1,1,1,0.93652
407,4,1,2,46,1,330,10,1,1,1,0.68992
407,4,1,2,47,9,300,16,2,2,1,0.56163
407,4,1,2,48,6,310,16,1,2,0,0.89707
407,4,1,2,49,5,330,16,2,2,1,1.1164
407,4,1,2,50,5,330,16,1,2,0,1.7876
407,4,1,2,51,8,300,14,2,2,1,1.1176
407,4,1,2,52,7,300,10,2,2,1,1.103
407,4,1,2,53,8,300,14,2,2,1,0.68704
407,4,1,2,54,1,330,10,1,1,1,0.79834
407,4,1,2,1,8,300,14,2,2,1,1.0195
407,4,1,2,2,9,300,16,2,2,1,0.79794
407,4,1,2,3,6,310,16,2,2,1,1.0123
407,4,1,2,4,9,300,16,2,2,1,0.61538
407,4,1,2,5,7,300,10,2,2,1,0.78685
407,4,1,2,6,6,310,16,1,2,0,1.1459
407,4,1,2,7,1,330,10,1,1,1,0.81231
407,4,1,2,8,1,330,10,1,1,1,0.65751
407,4,1,2,9,9,300,16,2,2,1,0.92988
407,4,1,2,10,4,310,14,1,1,1,1.3946
407,4,1,2,11,1,330,10,1,1,1,0.66418
407,4,1,2,12,3,310,10,1,1,1,1.2361
407,4,1,2,13,3,310,10,1,1,1,1.1393
407,4,1,2,14,5,330,16,1,2,0,1.5843
407,4,1,2,15,6,310,16,2,2,1,1.1222
407,4,1,2,16,8,300,14,2,2,1,2.0929
407,4,1,2,17,4,310,14,2,1,0,1.5292
407,4,1,2,18,2,330,14,2,1,0,1.128
407,4,1,2,19,3,310,10,1,1,1,1.2996
407,4,1,2,20,3,310,10,1,1,1,0.75581
407,4,1,2,21,5,330,16,2,2,1,1.0142
407,4,1,2,22,3,310,10,1,1,1,1.028
407,4,1,2,23,5,330,16,2,2,1,0.91573
407,4,1,2,24,7,300,10,2,2,1,1.6052
407,4,1,2,25,9,300,16,2,2,1,0.7456
407,4,1,2,26,6,310,16,2,2,1,2.7552
407,4,1,2,27,8,300,14,2,2,1,0.66388
407,4,1,2,28,8,300,14,2,2,1,0.63593
407,4,1,2,29,7,300,10,2,2,1,0.83368
407,4,1,2,30,4,310,14,1,1,1,1.2403
407,4,1,2,31,6,310,16,2,2,1,1.7924
407,4,1,2,32,1,330,10,1,1,1,0.72437
407,4,1,2,33,7,300,10,1,2,0,1.7075
407,4,1,2,34,4,310,14,1,1,1,1.8531
407,4,1,2,35,7,300,10,2,2,1,0.84334
407,4,1,2,36,4,310,14,1,1,1,1.6399
407,4,1,2,37,2,330,14,1,1,1,1.8917
407,4,1,2,38,1,330,10,1,1,1,0.74968
407,4,1,2,39,8,300,14,2,2,1,1.164
407,4,1,2,40,2,330,14,1,1,1,1.5476
407,4,1,2,41,5,330,16,2,2,1,1.1564
407,4,1,2,42,2,330,14,1,1,1,1.7693
407,4,1,2,43,9,300,16,2,2,1,0.96143
407,4,1,2,44,5,330,16,1,2,0,1.6634
407,4,1,2,45,2,330,14,1,1,1,1.0814
407,4,1,2,1,9,300,16,2,2,1,1.0299
407,4,1,2,2,4,310,14,2,1,0,1.2687
407,4,1,2,3,1,330,10,1,1,1,0.78421
407,4,1,2,4,4,310,14,2,1,0,1.6833
407,4,1,2,5,5,330,16,2,2,1,1.0387
407,4,1,2,6,8,300,14,2,2,1,1.1809
407,4,1,2,7,2,330,14,1,1,1,1.2994
407,4,1,2,8,2,330,14,1,1,1,0.94707
407,4,1,2,9,3,310,10,1,1,1,1.5466
407,4,1,2,10,1,330,10,1,1,1,1.1128
407,4,1,2,11,9,300,16,2,2,1,1.1371
407,4,1,2,12,6,310,16,2,2,1,0.85758
407,4,1,2,13,6,310,16,2,2,1,0.72976
407,4,1,2,14,9,300,16,2,2,1,0.95162
407,4,1,2,15,1,330,10,1,1,1,0.94625
407,4,1,2,16,4,310,14,1,1,1,2.2911
407,4,1,2,17,6,310,16,2,2,1,1.5198
407,4,1,2,18,3,310,10,2,1,0,1.1822
407,4,1,2,19,5,330,16,2,2,1,2.2014
407,4,1,2,20,8,300,14,2,2,1,1.0441
407,4,1,2,21,7,300,10,2,2,1,1.4788
407,4,1,2,22,8,300,14,2,2,1,0.83387
407,4,1,2,23,8,300,14,2,2,1,0.89506
407,4,1,2,24,5,330,16,2,2,1,0.88378
407,4,1,2,25,5,330,16,2,2,1,1.0759
407,4,1,2,26,6,310,16,2,2,1,1.6649
407,4,1,2,27,9,300,16,2,2,1,1.5289
407,4,1,2,28,3,310,10,1,1,1,1.634
407,4,1,2,29,3,310,10,1,1,1,0.83641
407,4,1,2,30,2,330,14,1,1,1,1.5528
407,4,1,2,31,7,300,10,2,2,1,0.86977
407,4,1,2,32,3,310,10,1,1,1,1.369
407,4,1,2,33,7,300,10,2,2,1,0.89996
407,4,1,2,34,7,300,10,2,2,1,0.8865
407,4,1,2,35,2,330,14,1,1,1,1.282
407,4,1,2,36,1,330,10,1,1,1,0.76381
407,4,1,2,37,6,310,16,2,2,1,1.2173
407,4,1,2,38,5,330,16,1,2,0,2.3918
407,4,1,2,39,4,310,14,1,1,1,1.6254
407,4,1,2,40,8,300,14,1,2,0,1.7127
407,4,1,2,41,9,300,16,2,2,1,1.105
407,4,1,2,42,4,310,14,1,1,1,2.3601
407,4,1,2,43,1,330,10,1,1,1,1.1517
407,4,1,2,44,2,330,14,1,1,1,1.0431
407,4,1,2,45,7,300,10,2,2,1,1.3441
407,4,1,2,1,8,300,14,2,2,1,1.0903
407,4,1,2,2,6,310,16,2,2,1,1.2208
407,4,1,2,3,5,330,16,2,2,1,0.86154
407,4,1,2,4,2,330,14,1,1,1,1.4062
407,4,1,2,5,7,300,10,2,2,1,1.3594
407,4,1,2,6,4,310,14,2,1,0,1.3122
407,4,1,2,7,5,330,16,2,2,1,0.76858
407,4,1,2,8,5,330,16,2,2,1,0.81567
407,4,1,2,9,5,330,16,2,2,1,0.78248
407,4,1,2,10,8,300,14,1,2,0,1.6626
407,4,1,2,11,1,330,10,1,1,1,0.79683
407,4,1,2,12,3,310,10,1,1,1,1.7847
407,4,1,2,13,9,300,16,2,2,1,0.88218
407,4,1,2,14,4,310,14,1,1,1,1.5891
407,4,1,2,15,7,300,10,2,2,1,1.7273
407,4,1,2,16,7,300,10,2,2,1,1.0483
407,4,1,2,17,3,310,10,1,1,1,1.3477
407,4,1,2,18,2,330,14,1,1,1,1.5918
407,4,1,2,19,9,300,16,2,2,1,0.96435
407,4,1,2,20,7,300,10,2,2,1,0.88922
407,4,1,2,21,5,330,16,2,2,1,1.0478
407,4,1,2,22,9,300,16,2,2,1,1.4655
407,4,1,2,23,1,330,10,1,1,1,0.91565
407,4,1,2,24,1,330,10,1,1,1,1.0301
407,4,1,2,25,2,330,14,1,1,1,1.0108
407,4,1,2,26,6,310,16,2,2,1,2.0223
407,4,1,2,27,6,310,16,1,2,0,1.909
407,4,1,2,28,1,330,10,1,1,1,0.59909
407,4,1,2,29,6,310,16,2,2,1,1.2347
407,4,1,2,30,8,300,14,2,2,1,1.1099
407,4,1,2,31,9,300,16,2,2,1,0.90872
407,4,1,2,32,9,300,16,2,2,1,1.0212
407,4,1,2,33,3,310,10,1,1,1,1.8808
407,4,1,2,34,2,330,14,1,1,1,1.3166
407,4,1,2,35,8,300,14,2,2,1,1.049
407,4,1,2,36,3,310,10,1,1,1,1.3631
407,4,1,2,37,1,330,10,1,1,1,0.64315
407,4,1,2,38,7,300,10,2,2,1,1.3473
407,4,1,2,39,4,310,14,1,1,1,1.5302
407,4,1,2,40,3,310,10,1,1,1,0.94228
407,4,1,2,41,4,310,14,1,1,1,1.6873
407,4,1,2,42,4,310,14,1,1,1,1.3692
407,4,1,2,43,2,330,14,1,1,1,1.0195
407,4,1,2,44,8,300,14,2,2,1,0.89368
407,4,1,2,45,6,310,16,2,2,1,1.2423
407,4,1,2,1,4,310,14,1,1,1,1.3416
407,4,1,2,2,5,330,16,2,2,1,1.1015
407,4,1,2,3,5,330,16,2,2,1,1.1339
407,4,1,2,4,2,330,14,1,1,1,1.2318
407,4,1,2,5,7,300,10,2,2,1,1.7685
407,4,1,2,6,9,300,16,2,2,1,1.123
407,4,1,2,7,4,310,14,1,1,1,1.0822
407,4,1,2,8,7,300,10,2,2,1,0.79628
407,4,1,2,9,2,330,14,1,1,1,0.96147
407,4,1,2,10,3,310,10,1,1,1,1.1807
407,4,1,2,11,5,330,16,1,2,0,1.8294
407,4,1,2,12,5,330,16,2,2,1,1.2173
407,4,1,2,13,4,310,14,1,1,1,2.0504
407,4,1,2,14,3,310,10,1,1,1,0.77783
407,4,1,2,15,6,310,16,2,2,1,1.1518
407,4,1,2,16,6,310,16,2,2,1,1.2887
407,4,1,2,17,3,310,10,1,1,1,1.0274
407,4,1,2,18,6,310,16,2,2,1,1.2522
407,4,1,2,19,7,300,10,2,2,1,1.2369
407,4,1,2,20,8,300,14,2,2,1,0.96918
407,4,1,2,21,7,300,10,2,2,1,1.2798
407,4,1,2,22,1,330,10,1,1,1,0.97449
407,4,1,2,23,3,310,10,1,1,1,1.1846
407,4,1,2,24,8,300,14,2,2,1,1.1506
407,4,1,2,25,4,310,14,1,1,1,1.4
407,4,1,2,26,7,300,10,2,2,1,0.83138
407,4,1,2,27,1,330,10,1,1,1,0.95904
407,4,1,2,28,4,310,14,1,1,1,0.80962
407,4,1,2,29,9,300,16,2,2,1,1.0965
407,4,1,2,30,8,300,14,2,2,1,0.73742
407,4,1,2,31,9,300,16,2,2,1,1.6683
407,4,1,2,32,2,330,14,1,1,1,1.0848
407,4,1,2,33,6,310,16,2,2,1,1.0926
407,4,1,2,34,8,300,14,2,2,1,1.0396
407,4,1,2,35,1,330,10,1,1,1,0.65305
407,4,1,2,36,1,330,10,1,1,1,0.76115
407,4,1,2,37,8,300,14,2,2,1,0.82028
407,4,1,2,38,1,330,10,1,1,1,0.65264
407,4,1,2,39,5,330,16,2,2,1,2.111
407,4,1,2,40,6,310,16,2,2,1,1.336
407,4,1,2,41,3,310,10,1,1,1,1.5082
407,4,1,2,42,9,300,16,2,2,1,1.4247
407,4,1,2,43,9,300,16,2,2,1,0.83249
407,4,1,2,44,2,330,14,1,1,1,1.2077
407,4,1,2,45,2,330,14,1,1,1,0.94761
407,4,1,2,1,8,300,14,2,2,1,0.89463
407,4,1,2,2,1,330,10,1,1,1,1.1826
407,4,1,2,3,9,300,16,2,2,1,0.92085
407,4,1,2,4,1,330,10,1,1,1,0.68014
407,4,1,2,5,1,330,10,1,1,1,0.64533
407,4,1,2,6,3,310,10,1,1,1,1.6011
407,4,1,2,7,7,300,10,1,2,0,1.8919
407,4,1,2,8,3,310,10,1,1,1,0.68441
407,4,1,2,9,6,310,16,2,2,1,1.4918
407,4,1,2,10,5,330,16,2,2,1,1.0151
407,4,1,2,11,3,310,10,1,1,1,0.78403
407,4,1,2,12,5,330,16,2,2,1,1.8758
407,4,1,2,13,8,300,14,2,2,1,0.76481
407,4,1,2,14,2,330,14,2,1,0,0.89352
407,4,1,2,15,1,330,10,1,1,1,0.72279
407,4,1,2,16,5,330,16,2,2,1,1.078
407,4,1,2,17,3,310,10,1,1,1,0.95786
407,4,1,2,18,9,300,16,2,2,1,1.1739
407,4,1,2,19,2,330,14,1,1,1,0.84325
407,4,1,2,20,4,310,14,1,1,1,1.0809
407,4,1,2,21,7,300,10,2,2,1,1.1295
407,4,1,2,22,9,300,16,2,2,1,2.9063
407,4,1,2,23,8,300,14,2,2,1,1.3577
407,4,1,2,24,2,330,14,1,1,1,1.0198
407,4,1,2,25,5,330,16,1,2,0,1.1555
407,4,1,2,26,4,310,14,1,1,1,1.0654
407,4,1,2,27,2,330,14,1,1,1,0.77994
407,4,1,2,28,9,300,16,2,2,1,0.77075
407,4,1,2,29,2,330,14,1,1,1,0.97422
407,4,1,2,30,1,330,10,1,1,1,0.75086
407,4,1,2,31,8,300,14,2,2,1,1.0286
407,4,1,2,32,7,300,10,1,2,0,1.5867
407,4,1,2,33,6,310,16,2,2,1,0.91798
407,4,1,2,34,4,310,14,1,1,1,0.8466
407,4,1,2,35,6,310,16,2,2,1,0.98298
407,4,1,2,36,4,310,14,1,1,1,1.3923
407,4,1,2,37,7,300,10,2,2,1,0.82199
407,4,1,2,38,6,310,16,2,2,1,1.0851
407,4,1,2,39,7,300,10,2,2,1,0.90719
407,4,1,2,40,5,330,16,2,2,1,1.635
407,4,1,2,41,9,300,16,2,2,1,0.9255
407,4,1,2,42,4,310,14,1,1,1,1.4667
407,4,1,2,43,6,310,16,2,2,1,1.7444
407,4,1,2,44,3,310,10,1,1,1,1.3931
407,4,1,2,45,8,300,14,2,2,1,1.2115
407,4,1,2,1,4,310,14,1,1,1,1.6333
407,4,1,2,2,6,310,16,2,2,1,1.2141
407,4,1,2,3,5,330,16,2,2,1,0.90988
407,4,1,2,4,8,300,14,2,2,1,0.93176
407,4,1,2,5,5,330,16,2,2,1,1.0075
407,4,1,2,6,8,300,14,2,2,1,1.061
407,4,1,2,7,5,330,16,2,2,1,1.1765
407,4,1,2,8,9,300,16,2,2,1,1.7049
407,4,1,2,9,1,330,10,1,1,1,0.64431
407,4,1,2,10,1,330,10,1,1,1,0.65264
407,4,1,2,11,6,310,16,2,2,1,1.4244
407,4,1,2,12,1,330,10,1,1,1,0.93363
407,4,1,2,13,2,330,14,1,1,1,0.90916
407,4,1,2,14,7,300,10,2,2,1,1.0218
407,4,1,2,15,4,310,14,1,1,1,1.3365
407,4,1,2,16,2,330,14,1,1,1,1.0791
407,4,1,2,17,2,330,14,1,1,1,1.13
407,4,1,2,18,5,330,16,2,2,1,1.0223
407,4,1,2,19,9,300,16,2,2,1,0.74509
407,4,1,2,20,9,300,16,2,2,1,1.3715
407,4,1,2,21,8,300,14,1,2,0,1.2043
407,4,1,2,22,3,310,10,1,1,1,1.2472
407,4,1,2,23,3,310,10,1,1,1,1.0533
407,4,1,2,24,1,330,10,1,1,1,0.71823
407,4,1,2,25,3,310,10,1,1,1,0.96678
407,4,1,2,26,9,300,16,2,2,1,0.80329
407,4,1,2,27,5,330,16,2,2,1,0.97596
407,4,1,2,28,8,300,14,2,2,1,1.2172
407,4,1,2,29,4,310,14,1,1,1,1.1244
407,4,1,2,30,8,300,14,1,2,0,1.5848
407,4,1,2,31,4,310,14,1,1,1,0.83524
407,4,1,2,32,4,310,14,1,1,1,1.0722
407,4,1,2,33,7,300,10,2,2,1,1.0328
407,4,1,2,34,7,300,10,2,2,1,0.8882
407,4,1,2,35,2,330,14,1,1,1,1.5682
407,4,1,2,36,9,300,16,2,2,1,0.85968
407,4,1,2,37,6,310,16,2,2,1,1.0024
407,4,1,2,38,7,300,10,2,2,1,1.2344
407,4,1,2,39,6,310,16,2,2,1,1.0004
407,4,1,2,40,3,310,10,1,1,1,1.287
407,4,1,2,41,7,300,10,2,2,1,0.88309
407,4,1,2,42,2,330,14,1,1,1,1.1507
407,4,1,2,43,3,310,10,1,1,1,0.9613
407,4,1,2,44,6,310,16,1,2,0,1.5531
407,4,1,2,45,1,330,10,1,1,1,0.84242
407,4,1,2,1,8,300,14,2,2,1,0.9304
407,4,1,2,2,5,330,16,2,2,1,0.80045
407,4,1,2,3,1,330,10,1,1,1,0.65268
407,4,1,2,4,3,310,10,1,1,1,1.5145
407,4,1,2,5,7,300,10,2,2,1,0.72147
407,4,1,2,6,1,330,10,1,1,1,0.6916
407,4,1,2,7,2,330,14,2,1,0,0.78944
407,4,1,2,8,2,330,14,2,1,0,0.73712
407,4,1,2,9,9,300,16,2,2,1,1.3243
407,4,1,2,10,1,330,10,1,1,1,1.018
407,4,1,2,11,6,310,16,2,2,1,1.4416
407,4,1,2,12,8,300,14,2,2,1,1.287
407,4,1,2,13,5,330,16,2,2,1,1.1504
407,4,1,2,14,9,300,16,2,2,1,0.93372
407,4,1,2,15,7,300,10,2,2,1,1.9537
407,4,1,2,16,9,300,16,2,2,1,1.262
407,4,1,2,17,4,310,14,1,1,1,1.2367
407,4,1,2,18,5,330,16,2,2,1,1.0567
407,4,1,2,19,4,310,14,1,1,1,1.6131
407,4,1,2,20,6,310,16,1,2,0,1.8663
407,4,1,2,21,8,300,14,2,2,1,0.90573
407,4,1,2,22,4,310,14,1,1,1,1.1149
407,4,1,2,23,3,310,10,1,1,1,1.191
407,4,1,2,24,1,330,10,1,1,1,0.94561
407,4,1,2,25,1,330,10,1,1,1,1.0366
407,4,1,2,26,6,310,16,2,2,1,0.86715
407,4,1,2,27,9,300,16,2,2,1,0.6811
407,4,1,2,28,2,330,14,1,1,1,1.1082
407,4,1,2,29,5,330,16,2,2,1,1.0775
407,4,1,2,30,2,330,14,1,1,1,1.0115
407,4,1,2,31,8,300,14,2,2,1,1.0888
407,4,1,2,32,7,300,10,2,2,1,1.3872
407,4,1,2,33,3,310,10,1,1,1,1.1318
407,4,1,2,34,9,300,16,2,2,1,1.0691
407,4,1,2,35,6,310,16,2,2,1,1.6038
407,4,1,2,36,2,330,14,1,1,1,1.2141
407,4,1,2,37,7,300,10,2,2,1,1.267
407,4,1,2,38,4,310,14,1,1,1,1.6659
407,4,1,2,39,5,330,16,2,2,1,0.91462
407,4,1,2,40,8,300,14,2,2,1,0.7013
407,4,1,2,41,6,310,16,1,2,0,1.1661
407,4,1,2,42,3,310,10,1,1,1,1.6919
407,4,1,2,43,3,310,10,1,1,1,1.0987
407,4,1,2,44,4,310,14,1,1,1,0.95204
407,4,1,2,45,7,300,10,2,2,1,0.97037
407,4,1,2,1,1,330,10,1,1,1,0.74348
407,4,1,2,2,7,300,10,2,2,1,1.6959
407,4,1,2,3,7,300,10,2,2,1,0.67305
407,4,1,2,4,6,310,16,2,2,1,1.0175
407,4,1,2,5,9,300,16,2,2,1,0.69502
407,4,1,2,6,8,300,14,2,2,1,0.73488
407,4,1,2,7,5,330,16,1,2,0,1.2301
407,4,1,2,8,4,310,14,1,1,1,1.643
407,4,1,2,9,4,310,14,1,1,1,1.2154
407,4,1,2,10,4,310,14,1,1,1,0.78215
407,4,1,2,11,6,310,16,1,2,0,1.8354
407,4,1,2,12,2,330,14,1,1,1,0.91826
407,4,1,2,13,3,310,10,1,1,1,1.3606
407,4,1,2,14,2,330,14,1,1,1,0.8537
407,4,1,2,15,6,310,16,1,2,0,1.6916
407,4,1,2,16,1,330,10,1,1,1,0.6658
407,4,1,2,17,2,330,14,1,1,1,0.71241
407,4,1,2,18,9,300,16,2,2,1,0.72463
407,4,1,2,19,2,330,14,1,1,1,1.2312
407,4,1,2,20,7,300,10,2,2,1,0.8195
407,4,1,2,21,8,300,14,2,2,1,1.0742
407,4,1,2,22,5,330,16,2,2,1,0.88513
407,4,1,2,23,8,300,14,2,2,1,0.86354
407,4,1,2,24,1,330,10,1,1,1,0.96696
407,4,1,2,25,3,310,10,1,1,1,1.2609
407,4,1,2,26,2,330,14,1,1,1,0.86766
407,4,1,2,27,9,300,16,2,2,1,0.6387
407,4,1,2,28,3,310,10,1,1,1,1.0338
407,4,1,2,29,9,300,16,2,2,1,0.73446
407,4,1,2,30,5,330,16,2,2,1,1.2582
407,4,1,2,31,7,300,10,2,2,1,0.83866
407,4,1,2,32,6,310,16,1,2,0,1.2075
407,4,1,2,33,8,300,14,2,2,1,0.6757
407,4,1,2,34,9,300,16,2,2,1,0.69193
407,4,1,2,35,4,310,14,1,1,1,1.6948
407,4,1,2,36,1,330,10,1,1,1,1.1332
407,4,1,2,37,5,330,16,2,2,1,1.3553
407,4,1,2,38,5,330,16,1,2,0,1.3398
407,4,1,2,39,4,310,14,2,1,0,1.8606
407,4,1,2,40,7,300,10,2,2,1,0.97891
407,4,1,2,41,6,310,16,2,2,1,1.8973
407,4,1,2,42,3,310,10,1,1,1,1.2166
407,4,1,2,43,8,300,14,2,2,1,1.0259
407,4,1,2,44,1,330,10,1,1,1,0.86491
407,4,1,2,45,3,310,10,1,1,1,1.3967
407,4,1,2,1,6,310,16,2,2,1,0.79305
407,4,1,2,2,2,330,14,2,1,0,1.8949
407,4,1,2,3,5,330,16,2,2,1,1.0461
407,4,1,2,4,4,310,14,2,1,0,1.6219
407,4,1,2,5,8,300,14,2,2,1,0.651
407,4,1,2,6,6,310,16,1,2,0,1.6288
407,4,1,2,7,5,330,16,2,2,1,1.3682
407,4,1,2,8,8,300,14,2,2,1,0.99935
407,4,1,2,9,6,310,16,2,2,1,2.0202
407,4,1,2,10,8,300,14,2,2,1,1.4824
407,4,1,2,11,1,330,10,1,1,1,0.74884
407,4,1,2,12,6,310,16,2,2,1,1.6603
407,4,1,2,13,3,310,10,1,1,1,1.5543
407,4,1,2,14,4,310,14,1,1,1,1.9108
407,4,1,2,15,7,300,10,2,2,1,1.2019
407,4,1,2,16,2,330,14,1,1,1,1.4563
407,4,1,2,17,1,330,10,1,1,1,0.66899
407,4,1,2,18,7,300,10,2,2,1,0.835
407,4,1,2,19,3,310,10,1,1,1,1.5104
407,4,1,2,20,5,330,16,2,2,1,1.158
407,4,1,2,21,1,330,10,1,1,1,0.65165
407,4,1,2,22,5,330,16,2,2,1,0.76495
407,4,1,2,23,9,300,16,2,2,1,1.0664
407,4,1,2,24,3,310,10,1,1,1,1.1745
407,4,1,2,25,2,330,14,1,1,1,1.2412
407,4,1,2,26,3,310,10,1,1,1,1.6881
407,4,1,2,27,9,300,16,2,2,1,0.83778
407,4,1,2,28,9,300,16,2,2,1,1.1637
407,4,1,2,29,7,300,10,2,2,1,1.9336
407,4,1,2,30,9,300,16,2,2,1,2.1339
407,4,1,2,31,4,310,14,1,1,1,0.80238
407,4,1,2,32,7,300,10,2,2,1,0.95852
407,4,1,2,33,1,330,10,1,1,1,0.81468
407,4,1,2,34,4,310,14,1,1,1,1.6501
407,4,1,2,35,8,300,14,1,2,0,2.5038
407,4,1,2,36,8,300,14,2,2,1,1.0886
407,4,1,2,37,5,330,16,2,2,1,1.5954
407,4,1,2,38,6,310,16,1,2,0,2.0227
407,4,1,2,39,9,300,16,2,2,1,1.7282
407,4,1,2,40,2,330,14,1,1,1,1.0661
407,4,1,2,41,2,330,14,1,1,1,0.95926
407,4,1,2,42,7,300,10,2,2,1,0.87788
407,4,1,2,43,4,310,14,1,1,1,1.383
407,4,1,2,44,1,330,10,1,1,1,1.0194
407,4,1,2,45,3,310,10,1,1,1,1.0128
