304,3,1,7,1,4,310,14,2,1,0,3.4809
304,3,1,7,2,6,310,16,2,2,1,1.6506
304,3,1,7,3,2,330,14,2,1,0,1.1327
304,3,1,7,4,7,300,10,1,2,0,1.4417
304,3,1,7,5,5,330,16,2,2,1,1.7076
304,3,1,7,6,9,300,16,2,2,1,0.91997
304,3,1,7,7,8,300,14,2,2,1,1.2885
304,3,1,7,8,3,310,10,1,1,1,0.77238
304,3,1,7,9,1,330,10,1,1,1,1.0534
304,3,1,7,10,9,300,16,2,2,1,0.67012
304,3,1,7,11,8,300,14,2,2,1,0.65879
304,3,1,7,12,7,300,10,2,2,1,0.67958
304,3,1,7,13,4,310,14,1,1,1,1.163
304,3,1,7,14,2,330,14,2,1,0,1.9719
304,3,1,7,15,8,300,14,2,2,1,0.65851
304,3,1,7,16,1,330,10,1,1,1,1.2663
304,3,1,7,17,7,300,10,2,2,1,0.65833
304,3,1,7,18,5,330,16,2,2,1,0.76882
304,3,1,7,19,8,300,14,2,2,1,0.70845
304,3,1,7,20,9,300,16,2,2,1,0.60181
304,3,1,7,21,1,330,10,1,1,1,0.70792
304,3,1,7,22,3,310,10,1,1,1,1.8519
304,3,1,7,23,4,310,14,1,1,1,0.88082
304,3,1,7,24,5,330,16,2,2,1,0.91444
304,3,1,7,25,5,330,16,2,2,1,0.77467
304,3,1,7,26,9,300,16,2,2,1,2.656
304,3,1,7,27,6,310,16,2,2,1,1.1381
304,3,1,7,28,2,330,14,1,1,1,1.9725
304,3,1,7,29,1,330,10,1,1,1,2.0918
304,3,1,7,30,2,330,14,1,1,1,0.82984
304,3,1,7,31,6,310,16,2,2,1,2.6215
304,3,1,7,32,3,310,10,1,1,1,1.0307
304,3,1,7,33,3,310,10,1,1,1,1.8308
304,3,1,7,34,1,330,10,1,1,1,1.8965
304,3,1,7,35,2,330,14,1,1,1,1.938
304,3,1,7,36,7,300,10,2,2,1,2.669
304,3,1,7,37,9,300,16,2,2,1,0.78023
304,3,1,7,38,6,310,16,2,2,1,1.1809
304,3,1,7,39,6,310,16,2,2,1,0.85782
304,3,1,7,40,2,330,14,1,1,1,1.1326
304,3,1,7,41,5,330,16,2,2,1,1.3151
304,3,1,7,42,3,310,10,1,1,1,1.033
304,3,1,7,43,7,300,10,2,2,1,0.64341
304,3,1,7,44,4,310,14,1,1,1,1.389
304,3,1,7,45,3,310,10,1,1,1,1.0437
304,3,1,7,46,1,330,10,1,1,1,2.0052
304,3,1,7,47,6,310,16,2,2,1,0.79277
304,3,1,7,48,7,300,10,2,2,1,0.6081
304,3,1,7,49,4,310,14,1,1,1,1.3672
304,3,1,7,50,5,330,16,2,2,1,1.2027
304,3,1,7,51,9,300,16,2,2,1,1.4952
304,3,1,7,52,8,300,14,2,2,1,0.5905
304,3,1,7,53,4,310,14,1,1,1,0.98663
304,3,1,7,54,8,300,14,2,2,1,0.69438
304,3,1,7,1,4,310,14,1,1,1,2.2058
304,3,1,7,2,5,330,16,1,2,0,1.5068
304,3,1,7,3,3,310,10,2,1,0,2.3314
304,3,1,7,4,7,300,10,2,2,1,0.74079
304,3,1,7,5,1,330,10,1,1,1,0.80862
304,3,1,7,6,6,310,16,2,2,1,0.77795
304,3,1,7,7,2,330,14,1,1,1,0.88612
304,3,1,7,8,6,310,16,2,2,1,2.3175
304,3,1,7,9,9,300,16,2,2,1,0.97191
304,3,1,7,10,7,300,10,2,2,1,0.68224
304,3,1,7,11,2,330,14,1,1,1,0.7417
304,3,1,7,12,6,310,16,2,2,1,0.86961
304,3,1,7,13,7,300,10,2,2,1,0.9867
304,3,1,7,14,1,330,10,1,1,1,2.1767
304,3,1,7,15,4,310,14,1,1,1,1.4082
304,3,1,7,16,6,310,16,2,2,1,2.7164
304,3,1,7,17,1,330,10,1,1,1,0.69233
304,3,1,7,18,2,330,14,1,1,1,0.6267
304,3,1,7,19,4,310,14,1,1,1,1.062
304,3,1,7,20,8,300,14,2,2,1,0.65474
304,3,1,7,21,9,300,16,2,2,1,0.66638
304,3,1,7,22,5,330,16,2,2,1,1.7433
304,3,1,7,23,7,300,10,2,2,1,0.62661
304,3,1,7,24,4,310,14,1,1,1,1.0655
304,3,1,7,25,3,310,10,1,1,1,1.0773
304,3,1,7,26,9,300,16,2,2,1,0.91334
304,3,1,7,27,4,310,14,1,1,1,0.96702
304,3,1,7,28,8,300,14,2,2,1,0.73558
304,3,1,7,29,9,300,16,2,2,1,3.7972
304,3,1,7,30,5,330,16,2,2,1,4.4495
304,3,1,7,31,7,300,10,2,2,1,1.1638
304,3,1,7,32,1,330,10,1,1,1,0.78065
304,3,1,7,33,2,330,14,1,1,1,1.2393
304,3,1,7,34,3,310,10,1,1,1,1.121
304,3,1,7,35,5,330,16,2,2,1,1.2874
304,3,1,7,36,6,310,16,2,2,1,2.5596
304,3,1,7,37,3,310,10,1,1,1,1.5468
304,3,1,7,38,8,300,14,2,2,1,1.0599
304,3,1,7,39,2,330,14,1,1,1,0.8722
304,3,1,7,40,8,300,14,2,2,1,0.66997
304,3,1,7,41,3,310,10,1,1,1,1.906
304,3,1,7,42,1,330,10,1,1,1,0.78896
304,3,1,7,43,9,300,16,2,2,1,0.74309
304,3,1,7,44,5,330,16,2,2,1,2.4237
304,3,1,7,45,8,300,14,2,2,1,0.78778
304,3,1,7,1,4,310,14,1,1,1,0.84285
304,3,1,7,2,1,330,10,1,1,1,0.87266
304,3,1,7,3,1,330,10,1,1,1,0.6466
304,3,1,7,4,5,330,16,2,2,1,0.95349
304,3,1,7,5,9,300,16,2,2,1,0.91827
304,3,1,7,6,3,310,10,1,1,1,1.1389
304,3,1,7,7,5,330,16,2,2,1,0.84893
304,3,1,7,8,6,310,16,2,2,1,1.1096
304,3,1,7,9,4,310,14,1,1,1,1.2729
304,3,1,7,10,2,330,14,1,1,1,1.4408
304,3,1,7,11,9,300,16,2,2,1,0.74188
304,3,1,7,12,5,330,16,1,2,0,1.6951
304,3,1,7,13,7,300,10,2,2,1,0.99799
304,3,1,7,14,9,300,16,2,2,1,0.70168
304,3,1,7,15,8,300,14,2,2,1,0.72631
304,3,1,7,16,7,300,10,2,2,1,0.54134
304,3,1,7,17,6,310,16,2,2,1,1.2873
304,3,1,7,18,5,330,16,2,2,1,0.85049
304,3,1,7,19,1,330,10,1,1,1,0.83407
304,3,1,7,20,3,310,10,1,1,1,1.0088
304,3,1,7,21,8,300,14,2,2,1,0.79498
304,3,1,7,22,6,310,16,2,2,1,1.0338
304,3,1,7,23,4,310,14,1,1,1,0.87269
304,3,1,7,24,1,330,10,1,1,1,1.3175
304,3,1,7,25,7,300,10,2,2,1,0.7305
304,3,1,7,26,7,300,10,2,2,1,0.57674
304,3,1,7,27,9,300,16,2,2,1,0.55346
304,3,1,7,28,5,330,16,2,2,1,1.5429
304,3,1,7,29,8,300,14,2,2,1,0.64061
304,3,1,7,30,2,330,14,1,1,1,1.0496
304,3,1,7,31,2,330,14,1,1,1,0.86037
304,3,1,7,32,9,300,16,2,2,1,0.67964
304,3,1,7,33,6,310,16,2,2,1,0.95273
304,3,1,7,34,3,310,10,1,1,1,1.4315
304,3,1,7,35,3,310,10,1,1,1,0.8556
304,3,1,7,36,2,330,14,1,1,1,1.0564
304,3,1,7,37,3,310,10,1,1,1,2.392
304,3,1,7,38,8,300,14,2,2,1,1.4273
304,3,1,7,39,4,310,14,1,1,1,1.7762
304,3,1,7,40,4,310,14,1,1,1,1.5503
304,3,1,7,41,1,330,10,1,1,1,0.79052
304,3,1,7,42,6,310,16,2,2,1,0.9331
304,3,1,7,43,8,300,14,2,2,1,0.63384
304,3,1,7,44,7,300,10,2,2,1,1.6515
304,3,1,7,45,2,330,14,1,1,1,0.94455
304,3,1,7,1,5,330,16,2,2,1,0.81854
304,3,1,7,2,8,300,14,2,2,1,0.68187
304,3,1,7,3,1,330,10,1,1,1,1.2051
304,3,1,7,4,9,300,16,2,2,1,0.62103
304,3,1,7,5,5,330,16,2,2,1,0.76505
304,3,1,7,6,3,310,10,1,1,1,1.0032
304,3,1,7,7,2,330,14,1,1,1,1.2632
304,3,1,7,8,4,310,14,1,1,1,1.4175
304,3,1,7,9,6,310,16,1,2,0,1.9101
304,3,1,7,10,2,330,14,1,1,1,0.81485
304,3,1,7,11,5,330,16,2,2,1,1.019
304,3,1,7,12,9,300,16,2,2,1,0.84954
304,3,1,7,13,6,310,16,2,2,1,1.4369
304,3,1,7,14,2,330,14,1,1,1,2.0215
304,3,1,7,15,1,330,10,1,1,1,1.002
304,3,1,7,16,2,330,14,1,1,1,0.70617
304,3,1,7,17,9,300,16,2,2,1,0.73565
304,3,1,7,18,1,330,10,1,1,1,0.80406
304,3,1,7,19,4,310,14,1,1,1,1.237
304,3,1,7,20,1,330,10,1,1,1,0.90444
304,3,1,7,21,3,310,10,1,1,1,2.0447
304,3,1,7,22,5,330,16,2,2,1,0.86033
304,3,1,7,23,3,310,10,1,1,1,0.96721
304,3,1,7,24,6,310,16,2,2,1,1.6706
304,3,1,7,25,1,330,10,1,1,1,1.6752
304,3,1,7,26,2,330,14,1,1,1,1.1749
304,3,1,7,27,7,300,10,2,2,1,0.70531
304,3,1,7,28,7,300,10,2,2,1,0.75453
304,3,1,7,29,6,310,16,2,2,1,0.77741
304,3,1,7,30,8,300,14,2,2,1,0.66487
304,3,1,7,31,7,300,10,2,2,1,0.56145
304,3,1,7,32,4,310,14,1,1,1,1.3372
304,3,1,7,33,4,310,14,1,1,1,3.7333
304,3,1,7,34,4,310,14,1,1,1,1.8663
304,3,1,7,35,3,310,10,1,1,1,1.2012
304,3,1,7,36,7,300,10,2,2,1,0.82951
304,3,1,7,37,8,300,14,2,2,1,1.3623
304,3,1,7,38,6,310,16,2,2,1,0.87501
304,3,1,7,39,7,300,10,2,2,1,0.8168
304,3,1,7,40,3,310,10,1,1,1,0.99494
304,3,1,7,41,8,300,14,2,2,1,1.7642
304,3,1,7,42,9,300,16,2,2,1,0.60265
304,3,1,7,43,5,330,16,2,2,1,0.88505
304,3,1,7,44,9,300,16,2,2,1,0.66088
304,3,1,7,45,8,300,14,2,2,1,0.8111
304,3,1,7,1,1,330,10,1,1,1,0.8286
304,3,1,7,2,2,330,14,1,1,1,0.8689
304,3,1,7,3,3,310,10,1,1,1,1.1996
304,3,1,7,4,1,330,10,1,1,1,0.55341
304,3,1,7,5,8,300,14,2,2,1,0.81321
304,3,1,7,6,5,330,16,2,2,1,0.69879
304,3,1,7,7,2,330,14,1,1,1,1.0932
304,3,1,7,8,8,300,14,2,2,1,0.71129
304,3,1,7,9,1,330,10,1,1,1,0.7243
304,3,1,7,10,9,300,16,2,2,1,0.67538
304,3,1,7,11,6,310,16,2,2,1,1.1298
304,3,1,7,12,7,300,10,2,2,1,0.97898
304,3,1,7,13,1,330,10,1,1,1,0.96074
304,3,1,7,14,3,310,10,1,1,1,1.4026
304,3,1,7,15,7,300,10,2,2,1,1.4734
304,3,1,7,16,5,330,16,2,2,1,0.65969
304,3,1,7,17,7,300,10,2,2,1,0.64285
304,3,1,7,18,3,310,10,1,1,1,1.8579
304,3,1,7,19,6,310,16,2,2,1,1.2997
304,3,1,7,20,4,310,14,1,1,1,1.0089
304,3,1,7,21,8,300,14,2,2,1,0.74833
304,3,1,7,22,9,300,16,2,2,1,0.71203
304,3,1,7,23,2,330,14,1,1,1,0.80026
304,3,1,7,24,9,300,16,2,2,1,0.65821
304,3,1,7,25,4,310,14,1,1,1,0.89399
304,3,1,7,26,8,300,14,2,2,1,0.99479
304,3,1,7,27,3,310,10,1,1,1,0.88185
304,3,1,7,28,7,300,10,2,2,1,1.6051
304,3,1,7,29,2,330,14,1,1,1,0.87806
304,3,1,7,30,5,330,16,2,2,1,0.81617
304,3,1,7,31,6,310,16,2,2,1,1.4041
304,3,1,7,32,1,330,10,1,1,1,1.4942
304,3,1,7,33,6,310,16,2,2,1,2.2192
304,3,1,7,34,4,310,14,1,1,1,1.1194
304,3,1,7,35,5,330,16,1,2,0,1.3171
304,3,1,7,36,4,310,14,1,1,1,0.93505
304,3,1,7,37,9,300,16,2,2,1,0.76321
304,3,1,7,38,7,300,10,2,2,1,1.5548
304,3,1,7,39,5,330,16,1,2,0,0.8166
304,3,1,7,40,8,300,14,2,2,1,0.67845
304,3,1,7,41,4,310,14,1,1,1,0.93532
304,3,1,7,42,6,310,16,2,2,1,1.4913
304,3,1,7,43,2,330,14,1,1,1,1.4336
304,3,1,7,44,9,300,16,2,2,1,0.69163
304,3,1,7,45,3,310,10,1,1,1,1.0485
304,3,1,7,1,4,310,14,1,1,1,0.91904
304,3,1,7,2,6,310,16,2,2,1,1.3441
304,3,1,7,3,2,330,14,1,1,1,0.93035
304,3,1,7,4,6,310,16,2,2,1,0.91668
304,3,1,7,5,3,310,10,1,1,1,1.0619
304,3,1,7,6,7,300,10,2,2,1,0.91599
304,3,1,7,7,1,330,10,1,1,1,1.542
304,3,1,7,8,9,300,16,2,2,1,0.70277
304,3,1,7,9,8,300,14,2,2,1,0.82982
304,3,1,7,10,8,300,14,2,2,1,0.75031
304,3,1,7,11,5,330,16,2,2,1,2.2467
304,3,1,7,12,5,330,16,2,2,1,0.97461
304,3,1,7,13,5,330,16,2,2,1,0.68777
304,3,1,7,14,3,310,10,1,1,1,0.95486
304,3,1,7,15,5,330,16,2,2,1,1.4712
304,3,1,7,16,9,300,16,2,2,1,1.6314
304,3,1,7,17,7,300,10,2,2,1,0.93545
304,3,1,7,18,9,300,16,2,2,1,1.8106
304,3,1,7,19,7,300,10,2,2,1,0.70889
304,3,1,7,20,8,300,14,1,2,0,1.2364
304,3,1,7,21,3,310,10,1,1,1,1.2018
304,3,1,7,22,8,300,14,2,2,1,1.0149
304,3,1,7,23,8,300,14,2,2,1,0.71333
304,3,1,7,24,6,310,16,2,2,1,1.1231
304,3,1,7,25,5,330,16,2,2,1,1.1445
304,3,1,7,26,2,330,14,1,1,1,0.8517
304,3,1,7,27,1,330,10,1,1,1,0.72429
304,3,1,7,28,4,310,14,1,1,1,1.1553
304,3,1,7,29,7,300,10,2,2,1,0.65223
304,3,1,7,30,9,300,16,2,2,1,0.6596
304,3,1,7,31,1,330,10,1,1,1,0.67066
304,3,1,7,32,2,330,14,1,1,1,0.75419
304,3,1,7,33,4,310,14,1,1,1,1.041
304,3,1,7,34,2,330,14,1,1,1,0.975
304,3,1,7,35,7,300,10,2,2,1,1.4118
304,3,1,7,36,6,310,16,2,2,1,1.5558
304,3,1,7,37,6,310,16,2,2,1,1.9976
304,3,1,7,38,3,310,10,1,1,1,1.0888
304,3,1,7,39,4,310,14,1,1,1,0.80012
304,3,1,7,40,2,330,14,1,1,1,0.76517
304,3,1,7,41,1,330,10,1,1,1,0.60999
304,3,1,7,42,1,330,10,1,1,1,0.55667
304,3,1,7,43,4,310,14,1,1,1,1.2619
304,3,1,7,44,3,310,10,1,1,1,1.377
304,3,1,7,45,9,300,16,2,2,1,0.69065
304,3,1,7,1,5,330,16,2,2,1,0.94668
304,3,1,7,2,3,310,10,1,1,1,0.92902
304,3,1,7,3,8,300,14,2,2,1,0.72405
304,3,1,7,4,2,330,14,1,1,1,0.92449
304,3,1,7,5,9,300,16,2,2,1,0.82694
304,3,1,7,6,4,310,14,1,1,1,0.96788
304,3,1,7,7,7,300,10,2,2,1,0.80087
304,3,1,7,8,6,310,16,2,2,1,0.79124
304,3,1,7,9,9,300,16,2,2,1,0.78797
304,3,1,7,10,8,300,14,2,2,1,1.3483
304,3,1,7,11,7,300,10,2,2,1,1.3862
304,3,1,7,12,8,300,14,2,2,1,0.86569
304,3,1,7,13,2,330,14,1,1,1,0.91505
304,3,1,7,14,7,300,10,2,2,1,2.6626
304,3,1,7,15,6,310,16,2,2,1,1.078
304,3,1,7,16,5,330,16,2,2,1,1.0812
304,3,1,7,17,2,330,14,1,1,1,1.0702
304,3,1,7,18,8,300,14,2,2,1,1.0003
304,3,1,7,19,3,310,10,1,1,1,1.0186
304,3,1,7,20,8,300,14,2,2,1,0.69878
304,3,1,7,21,9,300,16,2,2,1,1.3627
304,3,1,7,22,3,310,10,1,1,1,0.87331
304,3,1,7,23,3,310,10,1,1,1,1.0095
304,3,1,7,24,5,330,16,2,2,1,1.0617
304,3,1,7,25,7,300,10,2,2,1,1.0013
304,3,1,7,26,4,310,14,2,1,0,2.7662
304,3,1,7,27,4,310,14,1,1,1,3.0189
304,3,1,7,28,1,330,10,1,1,1,1.3088
304,3,1,7,29,1,330,10,1,1,1,1.109
304,3,1,7,30,5,330,16,2,2,1,1.1422
304,3,1,7,31,5,330,16,2,2,1,1.008
304,3,1,7,32,9,300,16,2,2,1,1.1545
304,3,1,7,33,7,300,10,2,2,1,1.1233
304,3,1,7,34,4,310,14,2,1,0,2.4697
304,3,1,7,35,9,300,16,2,2,1,0.86725
304,3,1,7,36,2,330,14,1,1,1,1.4932
304,3,1,7,37,6,310,16,2,2,1,1.6069
304,3,1,7,38,3,310,10,1,1,1,0.74997
304,3,1,7,39,1,330,10,1,1,1,0.79197
304,3,1,7,40,6,310,16,2,2,1,0.99977
304,3,1,7,41,2,330,14,1,1,1,1.6629
304,3,1,7,42,1,330,10,1,1,1,0.88379
304,3,1,7,43,1,330,10,1,1,1,0.61464
304,3,1,7,44,6,310,16,2,2,1,1.2364
304,3,1,7,45,4,310,14,1,1,1,1.4514
304,3,1,7,1,2,330,14,1,1,1,0.72744
304,3,1,7,2,3,310,10,1,1,1,0.7025
304,3,1,7,3,3,310,10,1,1,1,0.61472
304,3,1,7,4,1,330,10,1,1,1,0.9179
304,3,1,7,5,8,300,14,2,2,1,0.7443
304,3,1,7,6,9,300,16,2,2,1,0.95135
304,3,1,7,7,5,330,16,2,2,1,0.89699
304,3,1,7,8,5,330,16,2,2,1,1.0297
304,3,1,7,9,5,330,16,2,2,1,0.70978
304,3,1,7,10,8,300,14,2,2,1,0.67402
304,3,1,7,11,2,330,14,1,1,1,0.84102
304,3,1,7,12,5,330,16,2,2,1,1.1702
304,3,1,7,13,1,330,10,1,1,1,0.64771
304,3,1,7,14,6,310,16,2,2,1,1.1679
304,3,1,7,15,7,300,10,2,2,1,0.82012
304,3,1,7,16,9,300,16,2,2,1,0.60965
304,3,1,7,17,2,330,14,1,1,1,0.92365
304,3,1,7,18,7,300,10,2,2,1,0.89075
304,3,1,7,19,2,330,14,1,1,1,0.81341
304,3,1,7,20,7,300,10,2,2,1,1.3172
304,3,1,7,21,6,310,16,2,2,1,3.4146
304,3,1,7,22,1,330,10,1,1,1,0.61142
304,3,1,7,23,9,300,16,2,2,1,0.64619
304,3,1,7,24,4,310,14,1,1,1,1.5107
304,3,1,7,25,4,310,14,1,1,1,0.76319
304,3,1,7,26,4,310,14,1,1,1,0.68486
304,3,1,7,27,4,310,14,1,1,1,0.81022
304,3,1,7,28,3,310,10,1,1,1,1.8395
304,3,1,7,29,6,310,16,2,2,1,1.3414
304,3,1,7,30,3,310,10,1,1,1,0.6803
304,3,1,7,31,8,300,14,2,2,1,0.94316
304,3,1,7,32,9,300,16,2,2,1,0.72379
304,3,1,7,33,5,330,16,2,2,1,1.8492
304,3,1,7,34,7,300,10,2,2,1,0.8589
304,3,1,7,35,3,310,10,1,1,1,1.6023
304,3,1,7,36,1,330,10,1,1,1,1.687
304,3,1,7,37,7,300,10,2,2,1,0.76614
304,3,1,7,38,9,300,16,2,2,1,0.65331
304,3,1,7,39,1,330,10,1,1,1,1.1493
304,3,1,7,40,6,310,16,2,2,1,4.1857
304,3,1,7,41,4,310,14,1,1,1,0.95953
304,3,1,7,42,6,310,16,2,2,1,1.3027
304,3,1,7,43,2,330,14,1,1,1,0.70394
304,3,1,7,44,8,300,14,2,2,1,1.0128
304,3,1,7,45,8,300,14,2,2,1,0.61966
304,3,1,7,1,1,330,10,1,1,1,0.77658
304,3,1,7,2,9,300,16,2,2,1,0.70262
304,3,1,7,3,5,330,16,2,2,1,1.1727
304,3,1,7,4,9,300,16,2,2,1,0.6355
304,3,1,7,5,4,310,14,1,1,1,1.0598
304,3,1,7,6,4,310,14,1,1,1,1.3001
304,3,1,7,7,7,300,10,2,2,1,2.3838
304,3,1,7,8,6,310,16,2,2,1,1.0677
304,3,1,7,9,3,310,10,1,1,1,1.5118
304,3,1,7,10,8,300,14,2,2,1,0.74918
304,3,1,7,11,1,330,10,1,1,1,0.58327
304,3,1,7,12,8,300,14,1,2,0,1.5852
304,3,1,7,13,3,310,10,1,1,1,2.4036
304,3,1,7,14,6,310,16,2,2,1,3.247
304,3,1,7,15,9,300,16,2,2,1,0.76414
304,3,1,7,16,2,330,14,1,1,1,1.9248
304,3,1,7,17,8,300,14,2,2,1,0.7246
304,3,1,7,18,2,330,14,1,1,1,0.80302
304,3,1,7,19,4,310,14,1,1,1,0.82631
304,3,1,7,20,6,310,16,2,2,1,2.422
304,3,1,7,21,3,310,10,1,1,1,1.3994
304,3,1,7,22,4,310,14,1,1,1,2.7066
304,3,1,7,23,1,330,10,1,1,1,2.4227
304,3,1,7,24,4,310,14,1,1,1,2.9143
304,3,1,7,25,3,310,10,1,1,1,1.8892
304,3,1,7,26,9,300,16,2,2,1,1.1187
304,3,1,7,27,7,300,10,2,2,1,1.0707
304,3,1,7,28,8,300,14,2,2,1,2.1597
304,3,1,7,29,6,310,16,2,2,1,0.74353
304,3,1,7,30,2,330,14,1,1,1,1.2315
304,3,1,7,31,8,300,14,2,2,1,0.78836
304,3,1,7,32,7,300,10,2,2,1,0.56185
304,3,1,7,33,1,330,10,1,1,1,0.5756
304,3,1,7,34,1,330,10,1,1,1,0.61725
304,3,1,7,35,2,330,14,1,1,1,0.59282
304,3,1,7,36,7,300,10,2,2,1,0.91062
304,3,1,7,37,5,330,16,2,2,1,2.5098
304,3,1,7,38,6,310,16,2,2,1,2.1836
304,3,1,7,39,5,330,16,2,2,1,1.0908
304,3,1,7,40,3,310,10,1,1,1,1.5306
304,3,1,7,41,7,300,10,2,2,1,1.016
304,3,1,7,42,2,330,14,1,1,1,0.92128
304,3,1,7,43,5,330,16,2,2,1,1.0875
304,3,1,7,44,9,300,16,2,2,1,0.85828
304,3,1,7,45,5,330,16,2,2,1,1.5767
304,3,1,7,1,7,300,10,2,2,1,0.7564
304,3,1,7,2,7,300,10,2,2,1,0.45793
304,3,1,7,3,9,300,16,2,2,1,1.0893
304,3,1,7,4,6,310,16,2,2,1,0.8817
304,3,1,7,5,4,310,14,1,1,1,0.89534
304,3,1,7,6,3,310,10,1,1,1,0.89506
304,3,1,7,7,7,300,10,2,2,1,0.80509
304,3,1,7,8,2,330,14,1,1,1,0.9449
304,3,1,7,9,6,310,16,2,2,1,0.84809
304,3,1,7,10,8,300,14,2,2,1,0.70689
304,3,1,7,11,2,330,14,1,1,1,1.3977
304,3,1,7,12,1,330,10,1,1,1,0.85216
304,3,1,7,13,6,310,16,2,2,1,0.90766
304,3,1,7,14,4,310,14,1,1,1,1.3661
304,3,1,7,15,3,310,10,1,1,1,1.1074
304,3,1,7,16,9,300,16,2,2,1,0.69117
304,3,1,7,17,1,330,10,1,1,1,1.2151
304,3,1,7,18,5,330,16,2,2,1,1.3151
304,3,1,7,19,9,300,16,2,2,1,1.612
304,3,1,7,20,2,330,14,1,1,1,0.85439
304,3,1,7,21,7,300,10,2,2,1,1.6159
304,3,1,7,22,4,310,14,1,1,1,1.0699
304,3,1,7,23,3,310,10,1,1,1,1.3141
304,3,1,7,24,8,300,14,2,2,1,1.2425
304,3,1,7,25,6,310,16,2,2,1,1.0492
304,3,1,7,26,8,300,14,2,2,1,0.94639
304,3,1,7,27,4,310,14,1,1,1,1.1153
304,3,1,7,28,5,330,16,2,2,1,1.5178
304,3,1,7,29,4,310,14,1,1,1,1.0006
304,3,1,7,30,2,330,14,1,1,1,1.1047
304,3,1,7,31,3,310,10,1,1,1,2.8566
304,3,1,7,32,6,310,16,2,2,1,1.4193
304,3,1,7,33,1,330,10,1,1,1,1.3898
304,3,1,7,34,8,300,14,2,2,1,0.90035
304,3,1,7,35,1,330,10,1,1,1,0.83363
304,3,1,7,36,5,330,16,2,2,1,3.3814
304,3,1,7,37,8,300,14,2,2,1,0.73439
304,3,1,7,38,5,330,16,2,2,1,0.85262
304,3,1,7,39,9,300,16,2,2,1,0.82693
304,3,1,7,40,2,330,14,1,1,1,0.79519
304,3,1,7,41,3,310,10,1,1,1,1.7031
304,3,1,7,42,5,330,16,2,2,1,1.4239
304,3,1,7,43,7,300,10,2,2,1,1.009
304,3,1,7,44,1,330,10,1,1,1,0.78653
304,3,1,7,45,9,300,16,2,2,1,0.97565
